18,Walking,1653122999,-0.28,-0.925,-0.243
18,Walking,1653122999,-0.271,-0.915,-0.305
18,Walking,1653122999,-0.255,-0.923,-0.3
18,Walking,1653122999,-0.276,-0.965,-0.324
18,Walking,1653122999,-0.245,-0.98,-0.317
18,Walking,1653122999,-0.276,-0.989,-0.313
18,Walking,1653122999,-0.246,-0.993,-0.309
18,Walking,1653122999,-0.266,-0.974,-0.279
18,Walking,1653122999,-0.261,-0.9480000000000001,-0.28200000000000003
18,Walking,1653122999,-0.275,-0.9440000000000001,-0.291
18,Walking,1653122999,-0.242,-0.926,-0.272
18,Walking,1653122999,-0.253,-0.928,-0.29
18,Walking,1653122999,-0.267,-0.924,-0.28
18,Walking,1653122999,-0.264,-0.905,-0.28300000000000003
18,Walking,1653122999,-0.281,-0.901,-0.28400000000000003
18,Walking,1653122999,-0.266,-0.928,-0.245
18,Walking,1653122999,-0.247,-0.972,-0.306
18,Walking,1653122999,-0.272,-1.013,-0.28600000000000003
18,Walking,1653122999,-0.245,-1.009,-0.36
18,Walking,1653122999,-0.321,-0.985,-0.291
18,Walking,1653122999,-0.308,-0.993,-0.267
18,Walking,1653122999,-0.28700000000000003,-0.9380000000000001,-0.28400000000000003
18,Walking,1653122999,-0.273,-0.894,-0.278
18,Walking,1653122999,-0.18,-0.899,-0.312
18,Walking,1653122999,-0.229,-0.923,-0.312
18,Walking,1653122999,-0.262,-0.88,-0.23500000000000001
18,Walking,1653122999,-0.203,-0.931,-0.298
18,Walking,1653122999,-0.358,-0.992,-0.353
18,Walking,1653122999,-0.263,-1.009,-0.328
18,Walking,1653122999,-0.303,-1.03,-0.213
18,Walking,1653122999,-0.276,-1.008,-0.181
18,Walking,1653122999,-0.256,-0.972,-0.167
18,Walking,1653122999,-0.225,-0.917,-0.21
18,Walking,1653122999,-0.224,-0.878,-0.242
18,Walking,1653122999,-0.234,-0.922,-0.254
18,Walking,1653122999,-0.247,-0.9570000000000001,-0.281
18,Walking,1653122999,-0.245,-0.963,-0.28
18,Walking,1653122999,-0.255,-0.968,-0.271
18,Walking,1653122999,-0.276,-0.972,-0.279
18,Walking,1653122999,-0.307,-0.971,-0.269
18,Walking,1653122999,-0.289,-0.985,-0.263
18,Walking,1653122999,-0.3,-0.977,-0.28700000000000003
18,Walking,1653122999,-0.292,-0.965,-0.265
18,Walking,1653122999,-0.262,-0.983,-0.223
18,Walking,1653122999,-0.24,-0.9560000000000001,-0.233
18,Walking,1653122999,-0.233,-0.9510000000000001,-0.28400000000000003
18,Walking,1653122999,-0.268,-0.882,-0.269
18,Walking,1653122999,-0.23800000000000002,-0.917,-0.275
18,Walking,1653122999,-0.265,-0.9470000000000001,-0.262
18,Walking,1653122999,-0.276,-0.9560000000000001,-0.214
18,Walking,1653122999,-0.304,-0.877,-0.279
18,Walking,1653122999,-0.273,-1.039,-0.23
18,Walking,1653122999,-0.25,-0.907,-0.227
18,Walking,1653122999,-0.246,-0.9570000000000001,-0.298
18,Walking,1653122999,-0.234,-0.987,-0.317
18,Walking,1653122999,-0.258,-0.908,-0.341
18,Walking,1653122999,-0.267,-0.92,-0.255
18,Walking,1653122999,-0.28700000000000003,-0.964,-0.183
18,Walking,1653122999,-0.301,-0.9530000000000001,-0.213
18,Walking,1653122999,-0.309,-0.933,-0.228
18,Walking,1653122999,-0.304,-0.9580000000000001,-0.275
18,Walking,1653122999,-0.219,+0.885,+0.157
18,Walking,1653122999,-0.293,+0.8220000000000001,+0.111
18,Walking,1653122999,-0.308,+0.8210000000000001,+0.07200000000000001
18,Walking,1653122999,-0.261,+0.869,+0.059000000000000004
18,Walking,1653122999,-0.195,+0.916,+0.034
18,Walking,1653122999,-0.137,+0.9580000000000001,+0.005
18,Walking,1653122999,-0.108,+0.975,-0.005
18,Walking,1653122999,-0.11800000000000001,+0.991,-0.011
18,Walking,1653122999,-0.156,+1.022,+0.024
18,Walking,1653122999,-0.17300000000000001,+1.03,+0.077
18,Walking,1653122999,-0.211,+1.024,+0.1
18,Walking,1653122999,-0.255,+0.985,+0.107
18,Walking,1653122999,-0.257,+0.926,+0.093
18,Walking,1653122999,-0.255,+0.883,+0.079
18,Walking,1653122999,-0.247,+0.874,+0.06
18,Walking,1653122999,-0.215,+0.884,+0.034
18,Walking,1653122999,-0.23500000000000001,+0.9470000000000001,+0.034
18,Walking,1653122999,-0.199,+0.9500000000000001,+0.059000000000000004
18,Walking,1653122999,-0.17200000000000001,+0.9490000000000001,+0.081
18,Walking,1653122999,-0.14100000000000001,+0.933,+0.096
18,Walking,1653122999,-0.163,+0.9440000000000001,+0.076
18,Walking,1653122999,-0.157,+0.919,+0.07
18,Walking,1653122999,-0.154,+0.934,+0.07100000000000001
18,Walking,1653122999,-0.147,+0.9570000000000001,+0.076
18,Walking,1653122999,-0.131,+0.969,+0.083
18,Walking,1653122999,-0.109,+0.969,+0.08600000000000001
18,Walking,1653122999,-0.095,+0.966,+0.088
18,Walking,1653122999,-0.093,+0.968,+0.078
18,Walking,1653122999,-0.10400000000000001,+0.968,+0.065
18,Walking,1653122999,-0.135,+0.9590000000000001,+0.061
18,Walking,1653122999,-0.163,+0.9500000000000001,+0.057
18,Walking,1653122999,-0.191,+0.9390000000000001,+0.065
18,Walking,1653122999,-0.20600000000000002,+0.933,+0.081
18,Walking,1653122999,-0.199,+0.911,+0.11
18,Walking,1653122999,-0.197,+0.908,+0.125
18,Walking,1653122999,-0.19,+0.904,+0.134
18,Walking,1653122999,-0.185,+0.908,+0.132
18,Walking,1653122999,-0.098,+0.874,+0.115
18,Walking,1653122999,-0.209,+0.971,+0.109
18,Walking,1653122999,-0.177,+0.9450000000000001,+0.096
18,Walking,1653122999,-0.16,+0.9450000000000001,+0.08700000000000001
18,Walking,1653122999,-0.137,+0.9420000000000001,+0.098
18,Walking,1653122999,-0.137,+0.9440000000000001,+0.113
18,Walking,1653122999,-0.137,+0.936,+0.117
18,Walking,1653122999,-0.139,+0.93,+0.116
18,Walking,1653122999,-0.148,+0.917,+0.12
18,Walking,1653122999,-0.15,+0.922,+0.12
18,Walking,1653122999,-0.14100000000000001,+0.92,+0.127
18,Walking,1653122999,-0.134,+0.923,+0.131
18,Walking,1653122999,-0.126,+0.917,+0.131
18,Walking,1653122999,-0.083,+0.881,+0.12
18,Walking,1653122999,-0.139,+0.9560000000000001,+0.107
18,Walking,1653122999,-0.115,+0.935,+0.092
18,Walking,1653122999,-0.116,+0.9530000000000001,+0.077
18,Walking,1653122999,-0.127,+0.965,+0.07100000000000001
18,Walking,1653122999,-0.151,+0.978,+0.068
18,Walking,1653122999,-0.186,+0.984,+0.07
18,Walking,1653122999,-0.202,+0.969,+0.088
18,Walking,1653122999,-0.209,+0.963,+0.114
18,Walking,1653122999,-0.194,+0.979,+0.139
18,Walking,1653122999,-0.158,+0.993,+0.16
18,Walking,1653122999,-0.132,+0.997,+0.159
18,Walking,1653122999,-0.097,+1.0,+0.168
18,Walking,1653122999,-0.067,+1.013,+0.14400000000000002
18,Walking,1653122999,-0.045,+1.011,+0.095
18,Walking,1653122999,-0.02,+1.032,+0.045
18,Walking,1653122999,-0.014,+1.064,-0.009000000000000001
18,Walking,1653122999,-0.002,+1.087,-0.025
18,Walking,1653122999,-0.022,+1.13,-0.021
18,Walking,1653122999,-0.061,+1.155,+0.007
18,Walking,1653122999,-0.10200000000000001,+1.165,+0.023
18,Walking,1653123000,-0.14,+1.158,+0.018000000000000002
18,Walking,1653123000,-0.16,+1.168,+0.006
18,Walking,1653123000,-0.189,+1.201,-0.006
18,Walking,1653123000,-0.201,+1.241,-0.032
18,Walking,1653123000,-0.188,+1.333,-0.032
18,Walking,1653123000,-0.149,+1.418,-0.002
18,Walking,1653123000,-0.085,+1.4,+0.017
18,Walking,1653123000,-0.046,+1.33,-0.017
18,Walking,1653123000,-0.054,+1.302,-0.096
18,Walking,1653123000,-0.136,+1.252,-0.20700000000000002
18,Walking,1653123000,-0.213,+1.2,-0.242
18,Walking,1653123000,-0.297,+1.166,-0.255
18,Walking,1653123000,-0.393,+1.143,-0.248
18,Walking,1653123000,-0.47600000000000003,+1.123,-0.232
18,Walking,1653123000,-0.534,+1.106,-0.199
18,Walking,1653123000,-0.5680000000000001,+1.04,-0.167
18,Walking,1653123000,-0.5730000000000001,+0.966,-0.114
18,Walking,1653123000,-0.557,+0.9550000000000001,-0.059000000000000004
18,Walking,1653123000,-0.537,+0.985,-0.002
18,Walking,1653123000,-0.483,+1.038,+0.093
18,Walking,1653123000,-0.419,+1.09,+0.218
18,Walking,1653123000,-0.28800000000000003,+1.156,+0.332
18,Walking,1653123000,-0.214,+1.206,+0.343
18,Walking,1653123000,-0.159,+1.199,+0.298
18,Walking,1653123000,-0.079,+1.169,+0.265
18,Walking,1653123000,-0.075,+1.162,+0.202
18,Walking,1653123000,-0.114,+1.142,+0.135
18,Walking,1653123000,-0.114,+1.12,+0.061
18,Walking,1653123000,-0.133,+1.075,-0.002
18,Walking,1653123000,-0.182,+1.004,-0.01
18,Walking,1653123000,-0.17400000000000002,+0.9390000000000001,-0.02
18,Walking,1653123000,-0.179,+0.877,-0.041
18,Walking,1653123000,-0.192,+0.836,-0.053
18,Walking,1653123000,-0.194,+0.772,-0.084
18,Walking,1653123000,-0.178,+0.749,-0.098
18,Walking,1653123000,-0.162,+0.752,-0.07200000000000001
18,Walking,1653123000,-0.162,+0.79,-0.054
18,Walking,1653123000,-0.151,+0.744,-0.022
18,Walking,1653123000,-0.162,+0.75,-0.012
18,Walking,1653123000,-0.161,+0.706,-0.022
18,Walking,1653123000,-0.17,+0.681,-0.033
18,Walking,1653123000,-0.171,+0.66,-0.061
18,Walking,1653123000,-0.20500000000000002,+0.651,-0.092
18,Walking,1653123000,-0.183,+0.626,-0.109
18,Walking,1653123000,-0.20600000000000002,+0.652,-0.11800000000000001
18,Walking,1653123000,-0.214,+0.664,-0.129
18,Walking,1653123000,-0.241,+0.6970000000000001,-0.137
18,Walking,1653123000,-0.23800000000000002,+0.672,-0.154
18,Walking,1653123000,-0.266,+0.656,-0.17
18,Walking,1653123000,-0.292,+0.617,-0.194
18,Walking,1653123000,-0.332,+0.5740000000000001,-0.211
18,Walking,1653123000,-0.395,+0.551,-0.244
18,Walking,1653123000,-0.435,+0.547,-0.277
18,Walking,1653123000,-0.41300000000000003,+0.556,-0.28
18,Walking,1653123000,-0.353,+0.583,-0.274
18,Walking,1653123000,-0.298,+0.619,-0.262
18,Walking,1653123000,-0.307,+0.68,-0.275
18,Walking,1653123000,-0.32,+0.6880000000000001,-0.29
18,Walking,1653123000,-0.323,+0.677,-0.306
18,Walking,1653123000,-0.334,+0.678,-0.323
18,Walking,1653123000,-0.33,+0.706,-0.343
18,Walking,1653123000,-0.29,+0.744,-0.379
18,Walking,1653123000,-0.217,+0.811,-0.437
18,Walking,1653123000,-0.157,+0.839,-0.517
18,Walking,1653123000,-0.131,+0.881,-0.5640000000000001
18,Walking,1653123000,-0.117,+0.993,-0.61
18,Walking,1653123000,-0.08700000000000001,+1.123,-0.73
18,Walking,1653123000,-0.034,+1.347,-0.881
18,Walking,1653123000,+0.077,+1.5550000000000002,-1.089
18,Walking,1653123000,+0.247,+1.76,-1.174
18,Walking,1653123000,+0.382,+1.9020000000000001,-1.022
18,Walking,1653123000,+0.428,+1.917,-0.7000000000000001
18,Walking,1653123000,+0.277,+1.7970000000000002,-0.336
18,Walking,1653123000,+0.091,+1.396,-0.20800000000000002
18,Walking,1653123000,+0.004,+0.9530000000000001,-0.222
18,Walking,1653123000,-0.08,+0.581,-0.25
18,Walking,1653123000,-0.199,+0.296,-0.275
18,Walking,1653123000,-0.309,+0.083,-0.33
18,Walking,1653123000,-0.418,+0.036000000000000004,-0.435
18,Walking,1653123000,-0.544,+0.263,-0.439
18,Walking,1653123000,-0.552,+0.586,-0.274
18,Walking,1653123000,-0.512,+1.001,+0.076
18,Walking,1653123000,-0.431,+1.418,+0.41400000000000003
18,Walking,1653123000,-0.315,+1.8399999999999999,+0.46
18,Walking,1653123000,-0.148,+2.094,+0.263
18,Walking,1653123000,-0.157,+2.075,+0.0
18,Walking,1653123000,-0.28400000000000003,+1.826,-0.8190000000000001
18,Walking,1653123000,-0.25,+1.423,-1.4929999999999999
18,Walking,1653123000,-0.18,+0.737,-0.91
18,Walking,1653123000,-0.396,+0.217,+0.062
18,Walking,1653123000,-0.617,-0.042,+0.608
18,Walking,1653123000,-0.762,-0.191,+0.644
18,Walking,1653123000,-0.776,-0.073,+0.7020000000000001
18,Walking,1653123000,-0.61,+0.177,+0.614
18,Walking,1653123000,-0.391,+0.546,+0.311
18,Walking,1653123000,-0.17500000000000002,+0.987,+0.05
18,Walking,1653123000,-0.074,+1.323,-0.026000000000000002
18,Walking,1653123000,+0.022,+1.443,+0.15
18,Walking,1653123000,+0.014,+1.302,+0.392
18,Walking,1653123000,+0.054,+1.271,+0.328
18,Walking,1653123000,+0.064,+1.291,+0.242
18,Walking,1653123000,+0.052000000000000005,+1.298,+0.17300000000000001
18,Walking,1653123000,-0.027,+1.23,+0.096
18,Walking,1653123000,-0.221,+0.969,+0.061
18,Walking,1653123000,-0.34600000000000003,+0.871,-0.007
18,Walking,1653123000,-0.331,+0.844,-0.052000000000000005
18,Walking,1653123000,-0.268,+0.884,-0.036000000000000004
18,Walking,1653123000,-0.199,+0.882,-0.021
18,Walking,1653123000,-0.14200000000000002,+0.895,+0.042
18,Walking,1653123000,-0.136,+0.922,+0.122
18,Walking,1653123000,-0.166,+0.974,+0.135
18,Walking,1653123000,-0.191,+0.996,+0.136
18,Walking,1653123000,-0.197,+1.001,+0.129
18,Walking,1653123000,-0.201,+0.967,+0.132
18,Walking,1653123000,-0.218,+0.913,+0.139
18,Walking,1653123000,-0.23900000000000002,+0.868,+0.122
18,Walking,1653123000,-0.268,+0.841,+0.127
18,Walking,1653123000,-0.262,+0.801,+0.14300000000000002
18,Walking,1653123000,-0.269,+0.844,+0.13
18,Walking,1653123001,-0.23800000000000002,+0.86,+0.091
18,Walking,1653123001,-0.226,+0.871,+0.069
18,Walking,1653123001,-0.20600000000000002,+0.87,+0.099
18,Walking,1653123001,-0.14200000000000002,+0.854,+0.127
18,Walking,1653123001,-0.145,+0.93,+0.12
18,Walking,1653123001,-0.093,+0.9430000000000001,+0.114
18,Walking,1653123001,-0.067,+0.973,+0.101
18,Walking,1653123001,-0.048,+0.982,+0.113
18,Walking,1653123001,-0.03,+0.971,+0.11900000000000001
18,Walking,1653123001,-0.069,+0.97,+0.106
18,Walking,1653123001,-0.094,+0.9500000000000001,+0.114
18,Walking,1653123001,-0.121,+0.9380000000000001,+0.123
18,Walking,1653123001,-0.151,+0.934,+0.125
18,Walking,1653123001,-0.166,+0.93,+0.124
18,Walking,1653123001,-0.18,+0.93,+0.117
18,Walking,1653123001,-0.177,+0.921,+0.108
18,Walking,1653123001,-0.186,+0.9420000000000001,+0.096
18,Walking,1653123001,-0.168,+0.923,+0.099
18,Walking,1653123001,-0.158,+0.9,+0.093
18,Walking,1653123001,-0.146,+0.889,+0.088
18,Walking,1653123001,-0.14400000000000002,+0.905,+0.10200000000000001
18,Walking,1653123001,-0.134,+0.93,+0.128
18,Walking,1653123001,-0.13,+0.97,+0.145
18,Walking,1653123001,-0.11900000000000001,+0.998,+0.129
18,Walking,1653123001,-0.098,+1.017,+0.098
18,Walking,1653123001,-0.062,+1.012,+0.08600000000000001
18,Walking,1653123001,-0.034,+1.005,+0.1
18,Walking,1653123001,-0.032,+1.018,+0.129
18,Walking,1653123001,-0.055,+1.032,+0.14200000000000002
18,Walking,1653123001,-0.10300000000000001,+1.043,+0.11
18,Walking,1653123001,-0.157,+1.042,+0.062
18,Walking,1653123001,-0.201,+1.03,+0.035
18,Walking,1653123001,-0.20800000000000002,+1.029,+0.04
18,Walking,1653123001,-0.182,+1.026,+0.049
18,Walking,1653123001,-0.136,+1.023,+0.073
18,Walking,1653123001,-0.098,+1.019,+0.058
18,Walking,1653123001,-0.092,+1.027,-0.015
18,Walking,1653123001,-0.116,+1.026,-0.10400000000000001
18,Walking,1653123001,-0.14200000000000002,+1.019,-0.166
18,Walking,1653123001,-0.159,+1.028,-0.202
18,Walking,1653123001,-0.16,+1.043,-0.167
18,Walking,1653123001,-0.14300000000000002,+1.088,-0.062
18,Walking,1653123001,-0.14,+1.161,+0.005
18,Walking,1653123001,-0.17300000000000001,+1.245,+0.003
18,Walking,1653123001,-0.222,+1.2650000000000001,-0.017
18,Walking,1653123001,-0.271,+1.263,-0.051000000000000004
18,Walking,1653123001,-0.298,+1.266,-0.097
18,Walking,1653123001,-0.243,+1.339,-0.159
18,Walking,1653123001,-0.157,+1.453,-0.128
18,Walking,1653123001,-0.085,+1.483,-0.031
18,Walking,1653123001,-0.034,+1.4060000000000001,-0.018000000000000002
18,Walking,1653123001,-0.11,+1.337,-0.054
18,Walking,1653123001,-0.248,+1.274,-0.061
18,Walking,1653123001,-0.41100000000000003,+1.197,-0.047
18,Walking,1653123001,-0.5720000000000001,+1.152,+0.006
18,Walking,1653123001,-0.666,+1.052,+0.05
18,Walking,1653123001,-0.643,+1.048,+0.098
18,Walking,1653123001,-0.509,+1.1400000000000001,+0.126
18,Walking,1653123001,-0.343,+1.161,+0.147
18,Walking,1653123001,-0.186,+1.19,+0.196
18,Walking,1653123001,-0.105,+1.185,+0.182
18,Walking,1653123001,-0.08,+1.165,+0.136
18,Walking,1653123001,-0.062,+1.168,+0.106
18,Walking,1653123001,-0.041,+1.161,+0.093
18,Walking,1653123001,-0.078,+1.13,+0.11
18,Walking,1653123001,-0.134,+1.158,+0.08
18,Walking,1653123001,-0.145,+1.04,+0.047
18,Walking,1653123001,-0.20500000000000002,+0.924,+0.045
18,Walking,1653123001,-0.276,+0.9,+0.044
18,Walking,1653123001,-0.271,+0.879,+0.049
18,Walking,1653123001,-0.28200000000000003,+0.885,+0.025
18,Walking,1653123001,-0.268,+0.883,+0.003
18,Walking,1653123001,-0.259,+0.869,-0.017
18,Walking,1653123001,-0.228,+0.84,+0.001
18,Walking,1653123001,-0.203,+0.805,+0.033
18,Walking,1653123001,-0.185,+0.761,+0.042
18,Walking,1653123001,-0.20700000000000002,+0.717,+0.024
18,Walking,1653123001,-0.20700000000000002,+0.645,+0.021
18,Walking,1653123001,-0.222,+0.618,+0.021
18,Walking,1653123001,-0.228,+0.604,+0.021
18,Walking,1653123001,-0.224,+0.601,+0.026000000000000002
18,Walking,1653123001,-0.222,+0.618,+0.014
18,Walking,1653123001,-0.224,+0.628,+0.005
18,Walking,1653123001,-0.23800000000000002,+0.646,-0.009000000000000001
18,Walking,1653123001,-0.245,+0.639,-0.016
18,Walking,1653123001,-0.256,+0.634,-0.011
18,Walking,1653123001,-0.267,+0.62,-0.022
18,Walking,1653123001,-0.259,+0.578,-0.032
18,Walking,1653123001,-0.261,+0.5640000000000001,-0.059000000000000004
18,Walking,1653123001,-0.265,+0.5660000000000001,-0.081
18,Walking,1653123001,-0.259,+0.597,-0.096
18,Walking,1653123001,-0.264,+0.651,-0.123
18,Walking,1653123001,-0.268,+0.6950000000000001,-0.148
18,Walking,1653123001,-0.289,+0.746,-0.171
18,Walking,1653123001,-0.266,+0.773,-0.2
18,Walking,1653123001,-0.23500000000000001,+0.791,-0.23600000000000002
18,Walking,1653123001,-0.211,+0.836,-0.265
18,Walking,1653123001,-0.182,+0.902,-0.28700000000000003
18,Walking,1653123001,-0.11900000000000001,+0.9580000000000001,-0.308
18,Walking,1653123001,-0.039,+0.992,-0.336
18,Walking,1653123001,+0.02,+1.014,-0.361
18,Walking,1653123001,+0.032,+1.038,-0.424
18,Walking,1653123001,+0.03,+1.032,-0.525
18,Walking,1653123001,+0.052000000000000005,+1.041,-0.617
18,Walking,1653123001,+0.10400000000000001,+1.093,-0.68
18,Walking,1653123001,+0.15,+1.148,-0.673
18,Walking,1653123001,+0.132,+1.19,-0.622
18,Walking,1653123001,+0.081,+1.191,-0.538
18,Walking,1653123001,+0.028,+1.172,-0.393
18,Walking,1653123001,-0.018000000000000002,+1.171,-0.22
18,Walking,1653123001,-0.135,+1.134,-0.089
18,Walking,1653123001,-0.168,+1.045,-0.182
18,Walking,1653123001,-0.184,+0.936,-0.297
18,Walking,1653123001,-0.19,+0.8230000000000001,-0.386
18,Walking,1653123001,-0.17200000000000001,+0.72,-0.454
18,Walking,1653123001,-0.17400000000000002,+0.677,-0.506
18,Walking,1653123001,-0.226,+0.777,-0.5
18,Walking,1653123001,-0.248,+0.974,-0.41600000000000004
18,Walking,1653123002,-0.198,+1.142,-0.263
18,Walking,1653123002,-0.19,+1.313,-0.124
18,Walking,1653123002,-0.25,+1.47,-0.042
18,Walking,1653123002,-0.309,+1.577,-0.028
18,Walking,1653123002,-0.298,+1.588,-0.035
18,Walking,1653123002,-0.328,+1.568,-0.186
18,Walking,1653123002,-0.324,+1.45,-0.437
18,Walking,1653123002,-0.269,+1.173,-0.464
18,Walking,1653123002,-0.244,+0.803,-0.187
18,Walking,1653123002,-0.312,+0.439,+0.177
18,Walking,1653123002,-0.406,+0.216,+0.374
18,Walking,1653123002,-0.463,+0.145,+0.379
18,Walking,1653123002,-0.436,+0.228,+0.313
18,Walking,1653123002,-0.34,+0.398,+0.218
18,Walking,1653123002,-0.234,+0.676,+0.168
18,Walking,1653123002,-0.17400000000000002,+0.986,+0.24
18,Walking,1653123002,-0.11,+1.249,+0.295
18,Walking,1653123002,-0.054,+1.347,+0.319
18,Walking,1653123002,-0.017,+1.338,+0.246
18,Walking,1653123002,-0.01,+1.304,+0.176
18,Walking,1653123002,-0.019,+1.23,+0.195
18,Walking,1653123002,-0.07100000000000001,+1.145,+0.224
18,Walking,1653123002,-0.168,+1.047,+0.17
18,Walking,1653123002,-0.222,+0.986,+0.095
18,Walking,1653123002,-0.218,+0.9530000000000001,+0.05
18,Walking,1653123002,-0.17,+0.907,+0.031
18,Walking,1653123002,-0.138,+0.89,+0.047
18,Walking,1653123002,-0.122,+0.883,+0.093
18,Walking,1653123002,-0.151,+0.903,+0.14300000000000002
18,Walking,1653123002,-0.195,+0.92,+0.157
18,Walking,1653123002,-0.251,+0.928,+0.139
18,Walking,1653123002,-0.277,+0.925,+0.096
18,Walking,1653123002,-0.271,+0.893,+0.099
18,Walking,1653123002,-0.23600000000000002,+0.867,+0.12
18,Walking,1653123002,-0.216,+0.866,+0.146
18,Walking,1653123002,-0.189,+0.873,+0.146
18,Walking,1653123002,-0.177,+0.892,+0.14400000000000002
18,Walking,1653123002,-0.187,+0.913,+0.11
18,Walking,1653123002,-0.21,+0.93,+0.08600000000000001
18,Walking,1653123002,-0.214,+0.915,+0.048
18,Walking,1653123002,-0.194,+0.901,+0.049
18,Walking,1653123002,-0.179,+0.928,+0.05
18,Walking,1653123002,-0.137,+0.9470000000000001,+0.043000000000000003
18,Walking,1653123002,-0.096,+0.968,+0.033
18,Walking,1653123002,-0.061,+0.977,+0.019
18,Walking,1653123002,-0.066,+1.017,+0.021
18,Walking,1653123002,-0.035,+0.997,+0.049
18,Walking,1653123002,-0.019,+0.981,+0.07
18,Walking,1653123002,-0.029,+0.96,+0.085
18,Walking,1653123002,-0.058,+0.9390000000000001,+0.078
18,Walking,1653123002,-0.01,+0.871,+0.05
18,Walking,1653123002,-0.17200000000000001,+0.937,+0.049
18,Walking,1653123002,-0.17400000000000002,+0.907,+0.054
18,Walking,1653123002,-0.17300000000000001,+0.912,+0.063
18,Walking,1653123002,-0.182,+0.918,+0.081
18,Walking,1653123002,-0.14,+0.89,+0.09
18,Walking,1653123002,-0.20500000000000002,+0.965,+0.094
18,Walking,1653123002,-0.179,+0.9390000000000001,+0.099
18,Walking,1653123002,-0.169,+0.926,+0.095
18,Walking,1653123002,-0.17,+0.908,+0.099
18,Walking,1653123002,-0.17,+0.904,+0.10200000000000001
18,Walking,1653123002,-0.152,+0.91,+0.117
18,Walking,1653123002,-0.057,+0.878,+0.136
18,Walking,1653123002,-0.098,+0.966,+0.14400000000000002
18,Walking,1653123002,-0.059000000000000004,+0.9520000000000001,+0.14300000000000002
18,Walking,1653123002,-0.046,+0.9410000000000001,+0.134
18,Walking,1653123002,-0.041,+0.9450000000000001,+0.11800000000000001
18,Walking,1653123002,-0.056,+0.9510000000000001,+0.1
18,Walking,1653123002,-0.076,+0.977,+0.07200000000000001
18,Walking,1653123002,-0.115,+1.001,+0.031
18,Walking,1653123002,-0.108,+0.973,-0.003
18,Walking,1653123002,-0.23800000000000002,+1.039,+0.0
18,Walking,1653123002,-0.222,+1.014,+0.012
18,Walking,1653123002,-0.17400000000000002,+0.99,+0.055
18,Walking,1653123002,-0.108,+0.971,+0.111
18,Walking,1653123002,-0.078,+0.963,+0.126
18,Walking,1653123002,-0.076,+0.967,+0.089
18,Walking,1653123002,-0.097,+0.99,+0.037
18,Walking,1653123002,-0.115,+1.027,-0.009000000000000001
18,Walking,1653123002,-0.124,+1.078,-0.012
18,Walking,1653123002,-0.107,+1.1320000000000001,+0.02
18,Walking,1653123002,-0.089,+1.177,+0.069
18,Walking,1653123002,-0.082,+1.186,+0.082
18,Walking,1653123002,-0.125,+1.17,+0.058
18,Walking,1653123002,-0.201,+1.159,+0.0
18,Walking,1653123002,-0.307,+1.191,-0.006
18,Walking,1653123002,-0.309,+1.2469999999999999,-0.017
18,Walking,1653123002,-0.199,+1.321,-0.008
18,Walking,1653123002,-0.268,+1.404,-0.005
18,Walking,1653123002,-0.21,+1.401,-0.025
18,Walking,1653123002,-0.281,+1.328,-0.10300000000000001
18,Walking,1653123002,-0.34500000000000003,+1.255,-0.105
18,Walking,1653123002,-0.6920000000000001,+1.146,-0.088
18,Walking,1653123002,-0.541,+1.057,-0.14400000000000002
18,Walking,1653123002,-0.8250000000000001,+0.967,+0.005
18,Walking,1653123002,-0.729,+0.926,-0.028
18,Walking,1653123002,-0.624,+0.9430000000000001,+0.009000000000000001
18,Walking,1653123002,-0.614,+0.9530000000000001,+0.033
18,Walking,1653123002,-0.497,+1.034,+0.067
18,Walking,1653123002,-0.34,+1.137,+0.17500000000000002
18,Walking,1653123002,-0.197,+1.206,+0.232
18,Walking,1653123002,-0.097,+1.21,+0.233
18,Walking,1653123002,-0.067,+1.197,+0.169
18,Walking,1653123002,-0.11800000000000001,+1.198,+0.062
18,Walking,1653123002,-0.228,+1.148,-0.005
18,Walking,1653123002,-0.299,+1.073,-0.031
18,Walking,1653123002,-0.333,+1.029,-0.02
18,Walking,1653123002,-0.309,+1.002,-0.02
18,Walking,1653123002,-0.305,+0.985,-0.03
18,Walking,1653123002,-0.312,+1.005,-0.046
18,Walking,1653123002,-0.317,+1.008,-0.078
18,Walking,1653123002,-0.28500000000000003,+0.984,-0.078
18,Walking,1653123002,-0.26,+0.9450000000000001,-0.074
18,Walking,1653123002,-0.275,+0.925,-0.078
18,Walking,1653123002,-0.271,+0.875,-0.10200000000000001
18,Walking,1653123002,-0.276,+0.833,-0.1
18,Walking,1653123002,-0.28,+0.796,-0.081
18,Walking,1653123002,-0.292,+0.775,-0.039
18,Walking,1653123002,-0.307,+0.737,-0.007
18,Walking,1653123003,-0.322,+0.727,-0.015
18,Walking,1653123003,-0.255,+0.687,-0.005
18,Walking,1653123003,-0.23800000000000002,+0.707,-0.028
18,Walking,1653123003,-0.227,+0.727,-0.043000000000000003
18,Walking,1653123003,-0.225,+0.745,-0.051000000000000004
18,Walking,1653123003,-0.20800000000000002,+0.739,-0.062
18,Walking,1653123003,-0.197,+0.748,-0.055
18,Walking,1653123003,-0.192,+0.742,-0.055
18,Walking,1653123003,-0.20500000000000002,+0.732,-0.06
18,Walking,1653123003,-0.23,+0.732,-0.068
18,Walking,1653123003,-0.232,+0.677,-0.099
18,Walking,1653123003,-0.253,+0.641,-0.136
18,Walking,1653123003,-0.267,+0.612,-0.161
18,Walking,1653123003,-0.277,+0.59,-0.185
18,Walking,1653123003,-0.28400000000000003,+0.591,-0.211
18,Walking,1653123003,-0.28400000000000003,+0.597,-0.23800000000000002
18,Walking,1653123003,-0.281,+0.62,-0.251
18,Walking,1653123003,-0.262,+0.628,-0.263
18,Walking,1653123003,-0.23600000000000002,+0.655,-0.265
18,Walking,1653123003,-0.219,+0.6890000000000001,-0.28500000000000003
18,Walking,1653123003,-0.203,+0.735,-0.299
18,Walking,1653123003,-0.185,+0.769,-0.313
18,Walking,1653123003,-0.157,+0.811,-0.323
18,Walking,1653123003,-0.128,+0.8170000000000001,-0.353
18,Walking,1653123003,-0.091,+0.848,-0.397
18,Walking,1653123003,-0.068,+0.874,-0.47400000000000003
18,Walking,1653123003,-0.07100000000000001,+0.914,-0.5760000000000001
18,Walking,1653123003,-0.061,+0.9420000000000001,-0.662
18,Walking,1653123003,-0.048,+0.997,-0.6900000000000001
18,Walking,1653123003,-0.019,+1.101,-0.7010000000000001
18,Walking,1653123003,+0.033,+1.208,-0.722
18,Walking,1653123003,+0.078,+1.283,-0.738
18,Walking,1653123003,+0.06,+1.2570000000000001,-0.709
18,Walking,1653123003,-0.006,+1.223,-0.616
18,Walking,1653123003,-0.097,+1.219,-0.5
18,Walking,1653123003,-0.217,+1.2,-0.424
18,Walking,1653123003,-0.281,+1.109,-0.386
18,Walking,1653123003,-0.289,+0.964,-0.381
18,Walking,1653123003,-0.328,+0.804,-0.367
18,Walking,1653123003,-0.364,+0.654,-0.341
18,Walking,1653123003,-0.369,+0.529,-0.336
18,Walking,1653123003,-0.35000000000000003,+0.458,-0.342
18,Walking,1653123003,-0.356,+0.46900000000000003,-0.328
18,Walking,1653123003,-0.364,+0.553,-0.33
18,Walking,1653123003,-0.334,+0.718,-0.308
18,Walking,1653123003,-0.301,+0.932,-0.301
18,Walking,1653123003,-0.303,+1.189,-0.28800000000000003
18,Walking,1653123003,-0.305,+1.436,-0.273
18,Walking,1653123003,-0.269,+1.679,-0.249
18,Walking,1653123003,-0.163,+1.879,-0.138
18,Walking,1653123003,-0.079,+1.955,-0.005
18,Walking,1653123003,-0.261,+1.975,-0.249
18,Walking,1653123003,-0.268,+1.661,-0.554
18,Walking,1653123003,-0.198,+1.029,-0.5720000000000001
18,Walking,1653123003,-0.295,+0.441,-0.261
18,Walking,1653123003,-0.466,+0.079,+0.187
18,Walking,1653123003,-0.633,-0.10300000000000001,+0.434
18,Walking,1653123003,-0.794,-0.134,+0.37
18,Walking,1653123003,-0.784,+0.038,+0.28800000000000003
18,Walking,1653123003,-0.558,+0.342,+0.279
18,Walking,1653123003,-0.289,+0.678,+0.213
18,Walking,1653123003,-0.125,+1.03,+0.056
18,Walking,1653123003,-0.018000000000000002,+1.38,+0.014
18,Walking,1653123003,+0.09,+1.553,+0.19
18,Walking,1653123003,+0.177,+1.52,+0.367
18,Walking,1653123003,+0.222,+1.348,+0.369
18,Walking,1653123003,+0.114,+1.172,+0.266
18,Walking,1653123003,-0.28500000000000003,+0.935,+0.155
18,Walking,1653123003,-0.363,+0.903,+0.10400000000000001
18,Walking,1653123003,-0.353,+0.88,+0.026000000000000002
18,Walking,1653123003,-0.279,+0.876,-0.014
18,Walking,1653123003,-0.188,+0.903,-0.032
18,Walking,1653123003,-0.154,+0.925,-0.047
18,Walking,1653123003,-0.167,+0.936,-0.04
18,Walking,1653123003,-0.17,+0.9580000000000001,+0.0
18,Walking,1653123003,-0.184,+0.968,+0.046
18,Walking,1653123003,-0.201,+0.986,+0.068
18,Walking,1653123003,-0.20600000000000002,+0.986,+0.074
18,Walking,1653123003,-0.201,+0.988,+0.078
18,Walking,1653123003,-0.185,+0.982,+0.067
18,Walking,1653123003,-0.17,+0.967,+0.062
18,Walking,1653123003,-0.164,+0.929,+0.092
18,Walking,1653123003,-0.183,+0.881,+0.114
18,Walking,1653123003,-0.218,+0.8210000000000001,+0.125
18,Walking,1653123003,-0.245,+0.799,+0.106
18,Walking,1653123003,-0.257,+0.8260000000000001,+0.066
18,Walking,1653123003,-0.226,+0.858,+0.031
18,Walking,1653123003,-0.194,+0.888,+0.041
18,Walking,1653123003,-0.171,+0.896,+0.065
18,Walking,1653123003,-0.17,+0.932,+0.07100000000000001
18,Walking,1653123003,-0.135,+0.9580000000000001,+0.052000000000000005
18,Walking,1653123003,-0.056,+0.971,+0.035
18,Walking,1653123003,-0.08600000000000001,+1.043,+0.042
18,Walking,1653123003,-0.034,+1.035,+0.07100000000000001
18,Walking,1653123003,-0.033,+1.005,+0.094
18,Walking,1653123003,-0.066,+0.9530000000000001,+0.107
18,Walking,1653123003,-0.089,+0.914,+0.115
18,Walking,1653123003,-0.107,+0.894,+0.11900000000000001
18,Walking,1653123003,-0.132,+0.881,+0.112
18,Walking,1653123003,-0.155,+0.907,+0.099
18,Walking,1653123003,-0.162,+0.908,+0.097
18,Walking,1653123003,-0.188,+0.9410000000000001,+0.08700000000000001
18,Walking,1653123003,-0.185,+0.9470000000000001,+0.088
18,Walking,1653123003,-0.192,+0.9380000000000001,+0.088
18,Walking,1653123003,-0.198,+0.937,+0.08600000000000001
18,Walking,1653123003,-0.213,+0.9490000000000001,+0.085
18,Walking,1653123003,-0.219,+0.9450000000000001,+0.08
18,Walking,1653123003,-0.217,+0.927,+0.075
18,Walking,1653123003,-0.21,+0.902,+0.068
18,Walking,1653123003,-0.186,+0.888,+0.074
18,Walking,1653123003,-0.16,+0.884,+0.10300000000000001
18,Walking,1653123003,-0.1,+0.862,+0.148
18,Walking,1653123003,-0.122,+0.961,+0.161
18,Walking,1653123003,-0.095,+0.962,+0.165
18,Walking,1653123003,-0.10200000000000001,+0.969,+0.131
18,Walking,1653123003,-0.137,+0.965,+0.078
18,Walking,1653123003,-0.189,+0.9590000000000001,+0.02
18,Walking,1653123003,-0.24,+0.9440000000000001,-0.007
18,Walking,1653123004,-0.263,+0.924,+0.004
18,Walking,1653123004,-0.258,+0.93,+0.055
18,Walking,1653123004,-0.218,+0.965,+0.14200000000000002
18,Walking,1653123004,-0.16,+1.001,+0.183
18,Walking,1653123004,-0.106,+1.027,+0.17400000000000002
18,Walking,1653123004,-0.07200000000000001,+1.043,+0.115
18,Walking,1653123004,-0.063,+1.047,+0.039
18,Walking,1653123004,-0.082,+1.032,-0.019
18,Walking,1653123004,-0.1,+1.041,-0.07100000000000001
18,Walking,1653123004,-0.115,+1.084,-0.079
18,Walking,1653123004,-0.116,+1.143,-0.016
18,Walking,1653123004,-0.10300000000000001,+1.199,+0.064
18,Walking,1653123004,-0.101,+1.236,+0.079
18,Walking,1653123004,-0.11800000000000001,+1.264,-0.004
18,Walking,1653123004,-0.163,+1.272,-0.058
18,Walking,1653123004,-0.20600000000000002,+1.2770000000000001,-0.015
18,Walking,1653123004,-0.244,+1.337,+0.033
18,Walking,1653123004,-0.248,+1.367,+0.022
18,Walking,1653123004,-0.251,+1.403,-0.006
18,Walking,1653123004,-0.267,+1.403,-0.075
18,Walking,1653123004,-0.307,+1.379,-0.228
18,Walking,1653123004,-0.396,+1.302,-0.352
18,Walking,1653123004,-0.47400000000000003,+1.161,-0.308
18,Walking,1653123004,-0.578,+1.05,-0.17500000000000002
18,Walking,1653123004,-0.635,+0.97,-0.043000000000000003
18,Walking,1653123004,-0.6920000000000001,+0.93,+0.046
18,Walking,1653123004,-0.5690000000000001,+0.987,+0.048
18,Walking,1653123004,-0.722,+0.9380000000000001,+0.161
18,Walking,1653123004,-0.5660000000000001,+1.035,+0.14200000000000002
18,Walking,1653123004,-0.426,+1.117,+0.18
18,Walking,1653123004,-0.28500000000000003,+1.205,+0.199
18,Walking,1653123004,-0.155,+1.235,+0.17500000000000002
18,Walking,1653123004,-0.08600000000000001,+1.23,+0.125
18,Walking,1653123004,-0.10200000000000001,+1.2429999999999999,+0.058
18,Walking,1653123004,-0.165,+1.169,-0.015
18,Walking,1653123004,-0.226,+1.109,-0.036000000000000004
18,Walking,1653123004,-0.268,+1.052,-0.035
18,Walking,1653123004,-0.336,+1.002,-0.064
18,Walking,1653123004,-0.38,+0.977,-0.062
18,Walking,1653123004,-0.388,+0.968,-0.075
18,Walking,1653123004,-0.339,+0.935,-0.066
18,Walking,1653123004,-0.311,+0.928,-0.049
18,Walking,1653123004,-0.267,+0.878,-0.037
18,Walking,1653123004,-0.28200000000000003,+0.875,-0.044
18,Walking,1653123004,-0.241,+0.8310000000000001,-0.04
18,Walking,1653123004,-0.229,+0.787,-0.035
18,Walking,1653123004,-0.243,+0.756,-0.018000000000000002
18,Walking,1653123004,-0.222,+0.679,+0.01
18,Walking,1653123004,-0.259,+0.658,+0.011
18,Walking,1653123004,-0.26,+0.64,+0.01
18,Walking,1653123004,-0.252,+0.647,-0.006
18,Walking,1653123004,-0.232,+0.641,-0.036000000000000004
18,Walking,1653123004,-0.225,+0.657,-0.054
18,Walking,1653123004,-0.212,+0.666,-0.066
18,Walking,1653123004,-0.182,+0.674,-0.073
18,Walking,1653123004,-0.191,+0.6880000000000001,-0.081
18,Walking,1653123004,-0.20600000000000002,+0.684,-0.089
18,Walking,1653123004,-0.22,+0.676,-0.098
18,Walking,1653123004,-0.245,+0.661,-0.107
18,Walking,1653123004,-0.248,+0.593,-0.105
18,Walking,1653123004,-0.27,+0.554,-0.12
18,Walking,1653123004,-0.298,+0.538,-0.14400000000000002
18,Walking,1653123004,-0.32,+0.55,-0.181
18,Walking,1653123004,-0.338,+0.594,-0.224
18,Walking,1653123004,-0.319,+0.638,-0.259
18,Walking,1653123004,-0.294,+0.7030000000000001,-0.28200000000000003
18,Walking,1653123004,-0.26,+0.761,-0.303
18,Walking,1653123004,-0.234,+0.811,-0.309
18,Walking,1653123004,-0.209,+0.859,-0.318
18,Walking,1653123004,-0.171,+0.903,-0.34
18,Walking,1653123004,-0.122,+0.912,-0.392
18,Walking,1653123004,-0.067,+0.9510000000000001,-0.432
18,Walking,1653123004,-0.029,+0.97,-0.511
18,Walking,1653123004,-0.018000000000000002,+0.969,-0.592
18,Walking,1653123004,-0.001,+0.979,-0.621
18,Walking,1653123004,+0.039,+1.027,-0.661
18,Walking,1653123004,+0.094,+1.123,-0.722
18,Walking,1653123004,+0.109,+1.208,-0.802
18,Walking,1653123004,+0.073,+1.2610000000000001,-0.834
18,Walking,1653123004,+0.002,+1.259,-0.791
18,Walking,1653123004,-0.069,+1.29,-0.64
18,Walking,1653123004,-0.157,+1.353,-0.41200000000000003
18,Walking,1653123004,-0.253,+1.355,-0.245
18,Walking,1653123004,-0.294,+1.221,-0.22
18,Walking,1653123004,-0.251,+0.993,-0.242
18,Walking,1653123004,-0.209,+0.776,-0.293
18,Walking,1653123004,-0.231,+0.615,-0.36
18,Walking,1653123004,-0.281,+0.535,-0.454
18,Walking,1653123004,-0.328,+0.592,-0.52
18,Walking,1653123004,-0.389,+0.81,-0.505
18,Walking,1653123004,-0.433,+1.059,-0.446
18,Walking,1653123004,-0.446,+1.249,-0.34800000000000003
18,Walking,1653123004,-0.513,+1.325,-0.228
18,Walking,1653123004,-0.581,+1.331,-0.158
18,Walking,1653123004,-0.47300000000000003,+1.292,-0.213
18,Walking,1653123004,-0.247,+1.25,-0.325
18,Walking,1653123004,-0.096,+1.208,-0.34600000000000003
18,Walking,1653123004,-0.114,+1.077,-0.241
18,Walking,1653123004,-0.241,+0.838,-0.091
18,Walking,1653123004,-0.361,+0.636,+0.065
18,Walking,1653123004,-0.392,+0.485,+0.243
18,Walking,1653123004,-0.391,+0.41300000000000003,+0.393
18,Walking,1653123004,-0.356,+0.465,+0.395
18,Walking,1653123004,-0.309,+0.5710000000000001,+0.247
18,Walking,1653123004,-0.28200000000000003,+0.721,+0.115
18,Walking,1653123004,-0.232,+0.912,+0.07100000000000001
18,Walking,1653123004,-0.164,+1.074,+0.061
18,Walking,1653123004,-0.125,+1.166,+0.124
18,Walking,1653123004,-0.088,+1.181,+0.183
18,Walking,1653123004,-0.083,+1.125,+0.211
18,Walking,1653123004,-0.11900000000000001,+1.055,+0.244
18,Walking,1653123004,-0.20700000000000002,+0.99,+0.257
18,Walking,1653123004,-0.281,+0.9490000000000001,+0.22
18,Walking,1653123004,-0.323,+0.926,+0.152
18,Walking,1653123004,-0.312,+0.911,+0.084
18,Walking,1653123004,-0.252,+0.937,+0.053
18,Walking,1653123004,-0.164,+0.9460000000000001,+0.053
18,Walking,1653123004,-0.127,+0.965,+0.046
18,Walking,1653123004,-0.129,+0.972,+0.035
18,Walking,1653123005,-0.159,+0.963,+0.035
18,Walking,1653123005,-0.209,+0.9440000000000001,+0.061
18,Walking,1653123005,-0.244,+0.927,+0.093
18,Walking,1653123005,-0.281,+0.905,+0.112
18,Walking,1653123005,-0.281,+0.895,+0.124
18,Walking,1653123005,-0.271,+0.905,+0.11800000000000001
18,Walking,1653123005,-0.23900000000000002,+0.917,+0.085
18,Walking,1653123005,-0.20800000000000002,+0.937,+0.067
18,Walking,1653123005,-0.17200000000000001,+0.9410000000000001,+0.078
18,Walking,1653123005,-0.139,+0.9490000000000001,+0.099
18,Walking,1653123005,-0.11900000000000001,+0.9440000000000001,+0.12
18,Walking,1653123005,-0.124,+0.936,+0.127
18,Walking,1653123005,-0.139,+0.926,+0.124
18,Walking,1653123005,-0.166,+0.932,+0.109
18,Walking,1653123005,-0.18,+0.933,+0.083
18,Walking,1653123005,-0.20600000000000002,+0.9400000000000001,+0.058
18,Walking,1653123005,-0.211,+0.9420000000000001,+0.042
18,Walking,1653123005,-0.2,+0.9530000000000001,+0.013000000000000001
18,Walking,1653123005,-0.17200000000000001,+0.9550000000000001,+0.006
18,Walking,1653123005,-0.146,+0.9460000000000001,+0.03
18,Walking,1653123005,-0.14300000000000002,+0.962,+0.047
18,Walking,1653123005,-0.131,+0.9530000000000001,+0.05
18,Walking,1653123005,-0.127,+0.9380000000000001,+0.07100000000000001
18,Walking,1653123005,-0.136,+0.926,+0.082
18,Walking,1653123005,-0.14,+0.919,+0.076
18,Walking,1653123005,-0.149,+0.92,+0.061
18,Walking,1653123005,-0.16,+0.925,+0.055
18,Walking,1653123005,-0.176,+0.925,+0.056
18,Walking,1653123005,-0.187,+0.92,+0.068
18,Walking,1653123005,-0.198,+0.915,+0.084
18,Walking,1653123005,-0.19,+0.895,+0.093
18,Walking,1653123005,-0.224,+0.922,+0.093
18,Walking,1653123005,-0.20600000000000002,+0.913,+0.088
18,Walking,1653123005,-0.195,+0.907,+0.079
18,Walking,1653123005,-0.184,+0.913,+0.064
18,Walking,1653123005,-0.164,+0.926,+0.053
18,Walking,1653123005,-0.14,+0.9480000000000001,+0.046
18,Walking,1653123005,-0.114,+0.9520000000000001,+0.066
18,Walking,1653123005,-0.099,+0.9400000000000001,+0.101
18,Walking,1653123005,-0.096,+0.936,+0.139
18,Walking,1653123005,-0.08,+0.911,+0.176
18,Walking,1653123005,-0.126,+0.9570000000000001,+0.187
18,Walking,1653123005,-0.14300000000000002,+0.9550000000000001,+0.187
18,Walking,1653123005,-0.182,+0.966,+0.166
18,Walking,1653123005,-0.221,+0.977,+0.131
18,Walking,1653123005,-0.247,+0.981,+0.092
18,Walking,1653123005,-0.242,+0.972,+0.07100000000000001
18,Walking,1653123005,-0.218,+0.977,+0.08700000000000001
18,Walking,1653123005,-0.193,+0.99,+0.11900000000000001
18,Walking,1653123005,-0.16,+1.014,+0.154
18,Walking,1653123005,-0.111,+1.027,+0.14200000000000002
18,Walking,1653123005,-0.126,+1.078,+0.092
18,Walking,1653123005,-0.083,+1.099,+0.035
18,Walking,1653123005,-0.044,+1.149,+0.0
18,Walking,1653123005,+0.056,+1.188,-0.018000000000000002
18,Walking,1653123005,-0.055,+1.32,-0.009000000000000001
18,Walking,1653123005,-0.018000000000000002,+1.327,-0.004
18,Walking,1653123005,-0.025,+1.339,+0.042
18,Walking,1653123005,-0.042,+1.333,+0.093
18,Walking,1653123005,-0.095,+1.345,+0.106
18,Walking,1653123005,-0.166,+1.373,+0.074
18,Walking,1653123005,-0.231,+1.404,+0.019
18,Walking,1653123005,-0.321,+1.3719999999999999,-0.049
18,Walking,1653123005,-0.41000000000000003,+1.307,-0.14400000000000002
18,Walking,1653123005,-0.493,+1.216,-0.23
18,Walking,1653123005,-0.597,+1.111,-0.295
18,Walking,1653123005,-0.664,+1.023,-0.313
18,Walking,1653123005,-0.718,+0.9440000000000001,-0.294
18,Walking,1653123005,-0.729,+0.89,-0.293
18,Walking,1653123005,-0.72,+0.837,-0.268
18,Walking,1653123005,-0.67,+0.86,-0.24
18,Walking,1653123005,-0.633,+0.9490000000000001,-0.2
18,Walking,1653123005,-0.63,+1.032,-0.08
18,Walking,1653123005,-0.581,+1.087,+0.052000000000000005
18,Walking,1653123005,-0.462,+1.182,+0.222
18,Walking,1653123005,-0.383,+1.206,+0.35000000000000003
18,Walking,1653123005,-0.328,+1.214,+0.368
18,Walking,1653123005,-0.229,+1.195,+0.318
18,Walking,1653123005,-0.229,+1.077,+0.28
18,Walking,1653123005,-0.22,+1.037,+0.165
18,Walking,1653123005,-0.225,+1.005,+0.075
18,Walking,1653123005,-0.211,+0.98,-0.014
18,Walking,1653123005,-0.17,+1.006,-0.021
18,Walking,1653123005,-0.176,+0.986,-0.039
18,Walking,1653123005,-0.195,+0.965,-0.045
18,Walking,1653123005,-0.201,+0.965,-0.039
18,Walking,1653123005,-0.228,+0.962,-0.046
18,Walking,1653123005,-0.223,+0.934,-0.088
18,Walking,1653123005,-0.192,+0.907,-0.075
18,Walking,1653123005,-0.215,+0.867,-0.058
18,Walking,1653123005,-0.233,+0.834,-0.018000000000000002
18,Walking,1653123005,-0.228,+0.8230000000000001,-0.01
18,Walking,1653123005,-0.25,+0.8260000000000001,-0.023
18,Walking,1653123005,-0.257,+0.776,-0.019
18,Walking,1653123005,-0.272,+0.759,-0.011
18,Walking,1653123005,-0.28700000000000003,+0.732,-0.007
18,Walking,1653123005,-0.308,+0.715,-0.012
18,Walking,1653123005,-0.323,+0.718,-0.027
18,Walking,1653123005,-0.317,+0.6970000000000001,-0.052000000000000005
18,Walking,1653123005,-0.299,+0.6960000000000001,-0.069
18,Walking,1653123005,-0.265,+0.6970000000000001,-0.08
18,Walking,1653123005,-0.27,+0.727,-0.094
18,Walking,1653123005,-0.252,+0.6930000000000001,-0.116
18,Walking,1653123005,-0.276,+0.6920000000000001,-0.126
18,Walking,1653123005,-0.308,+0.673,-0.157
18,Walking,1653123005,-0.356,+0.652,-0.18
18,Walking,1653123005,-0.352,+0.5640000000000001,-0.184
18,Walking,1653123005,-0.369,+0.547,-0.181
18,Walking,1653123005,-0.379,+0.553,-0.203
18,Walking,1653123005,-0.398,+0.5700000000000001,-0.231
18,Walking,1653123005,-0.387,+0.593,-0.263
18,Walking,1653123005,-0.35100000000000003,+0.641,-0.304
18,Walking,1653123005,-0.323,+0.7010000000000001,-0.353
18,Walking,1653123005,-0.312,+0.79,-0.362
18,Walking,1653123005,-0.279,+0.844,-0.371
18,Walking,1653123005,-0.232,+0.867,-0.375
18,Walking,1653123005,-0.17400000000000002,+0.889,-0.381
18,Walking,1653123005,-0.101,+0.865,-0.377
18,Walking,1653123005,-0.02,+0.8310000000000001,-0.41100000000000003
18,Walking,1653123006,+0.013000000000000001,+0.771,-0.487
18,Walking,1653123006,-0.023,+0.747,-0.5690000000000001
18,Walking,1653123006,-0.041,+0.755,-0.633
18,Walking,1653123006,-0.042,+0.791,-0.6980000000000001
18,Walking,1653123006,+0.01,+0.892,-0.758
18,Walking,1653123006,+0.057,+1.052,-0.798
18,Walking,1653123006,+0.045,+1.183,-0.778
18,Walking,1653123006,+0.005,+1.259,-0.7020000000000001
18,Walking,1653123006,-0.02,+1.323,-0.55
18,Walking,1653123006,-0.07,+1.362,-0.368
18,Walking,1653123006,-0.136,+1.419,-0.168
18,Walking,1653123006,-0.156,+1.395,-0.096
18,Walking,1653123006,-0.16,+1.235,-0.241
18,Walking,1653123006,-0.194,+1.053,-0.423
18,Walking,1653123006,-0.296,+0.966,-0.557
18,Walking,1653123006,-0.402,+0.961,-0.652
18,Walking,1653123006,-0.5,+1.03,-0.671
18,Walking,1653123006,-0.593,+1.141,-0.651
18,Walking,1653123006,-0.644,+1.214,-0.668
18,Walking,1653123006,-0.517,+1.226,-0.627
18,Walking,1653123006,-0.309,+1.258,-0.554
18,Walking,1653123006,-0.10400000000000001,+1.344,-0.446
18,Walking,1653123006,-0.06,+1.319,-0.221
18,Walking,1653123006,-0.17400000000000002,+1.075,+0.14400000000000002
18,Walking,1653123006,-0.318,+0.662,+0.28700000000000003
18,Walking,1653123006,-0.39,+0.297,+0.199
18,Walking,1653123006,-0.403,+0.117,+0.138
18,Walking,1653123006,-0.485,-0.017,+0.11800000000000001
18,Walking,1653123006,-0.621,+0.041,+0.256
18,Walking,1653123006,-0.633,+0.303,+0.35000000000000003
18,Walking,1653123006,-0.497,+0.682,+0.246
18,Walking,1653123006,-0.32,+1.024,+0.089
18,Walking,1653123006,-0.20400000000000001,+1.2770000000000001,+0.059000000000000004
18,Walking,1653123006,-0.154,+1.42,+0.125
18,Walking,1653123006,-0.099,+1.415,+0.232
18,Walking,1653123006,-0.011,+1.201,+0.314
18,Walking,1653123006,-0.021,+1.034,+0.303
18,Walking,1653123006,-0.08600000000000001,+0.916,+0.28600000000000003
18,Walking,1653123006,-0.196,+0.876,+0.279
18,Walking,1653123006,-0.28400000000000003,+0.867,+0.28
18,Walking,1653123006,-0.309,+0.884,+0.20700000000000002
18,Walking,1653123006,-0.279,+0.921,+0.095
18,Walking,1653123006,-0.216,+0.915,+0.05
18,Walking,1653123006,-0.185,+0.891,+0.076
18,Walking,1653123006,-0.177,+0.905,+0.096
18,Walking,1653123006,-0.183,+0.961,+0.089
18,Walking,1653123006,-0.17400000000000002,+1.016,+0.057
18,Walking,1653123006,-0.17400000000000002,+1.031,+0.078
18,Walking,1653123006,-0.194,+1.008,+0.137
18,Walking,1653123006,-0.198,+0.9500000000000001,+0.20700000000000002
18,Walking,1653123006,-0.195,+0.922,+0.226
18,Walking,1653123006,-0.188,+0.915,+0.197
18,Walking,1653123006,-0.192,+0.907,+0.14300000000000002
18,Walking,1653123006,-0.212,+0.89,+0.10200000000000001
18,Walking,1653123006,-0.233,+0.866,+0.08700000000000001
18,Walking,1653123006,-0.23600000000000002,+0.847,+0.099
18,Walking,1653123006,-0.231,+0.84,+0.145
18,Walking,1653123006,-0.242,+0.863,+0.162
18,Walking,1653123006,-0.247,+0.893,+0.167
18,Walking,1653123006,-0.246,+0.936,+0.161
18,Walking,1653123006,-0.198,+0.9390000000000001,+0.126
18,Walking,1653123006,-0.225,+0.994,+0.07
18,Walking,1653123006,-0.214,+0.972,+0.026000000000000002
18,Walking,1653123006,-0.2,+0.9580000000000001,+0.013000000000000001
18,Walking,1653123006,-0.166,+0.9440000000000001,+0.033
18,Walking,1653123006,-0.14300000000000002,+0.9400000000000001,+0.068
18,Walking,1653123006,-0.131,+0.906,+0.17200000000000001
18,Walking,1653123006,-0.14100000000000001,+0.906,+0.178
18,Walking,1653123006,-0.136,+0.888,+0.179
18,Walking,1653123006,-0.195,+0.934,+0.164
18,Walking,1653123006,-0.213,+0.93,+0.127
18,Walking,1653123006,-0.22,+0.9410000000000001,+0.089
18,Walking,1653123006,-0.227,+0.9490000000000001,+0.065
18,Walking,1653123006,-0.234,+0.9450000000000001,+0.076
18,Walking,1653123006,-0.231,+0.9420000000000001,+0.121
18,Walking,1653123006,-0.24,+0.924,+0.14400000000000002
18,Walking,1653123006,-0.253,+0.9,+0.137
18,Walking,1653123006,-0.226,+0.875,+0.113
18,Walking,1653123006,-0.305,+0.908,+0.101
18,Walking,1653123006,-0.26,+0.904,+0.082
18,Walking,1653123006,-0.184,+0.916,+0.12
18,Walking,1653123006,-0.11900000000000001,+0.9470000000000001,+0.165
18,Walking,1653123006,-0.057,+0.98,+0.20800000000000002
18,Walking,1653123006,-0.04,+0.999,+0.20700000000000002
18,Walking,1653123006,-0.04,+1.009,+0.192
18,Walking,1653123006,-0.052000000000000005,+1.015,+0.15
18,Walking,1653123006,-0.073,+1.026,+0.106
18,Walking,1653123006,-0.077,+1.041,+0.10300000000000001
18,Walking,1653123006,-0.08,+1.051,+0.094
18,Walking,1653123006,-0.094,+1.038,+0.101
18,Walking,1653123006,-0.113,+1.031,+0.117
18,Walking,1653123006,-0.138,+1.054,+0.148
18,Walking,1653123006,-0.17400000000000002,+1.035,+0.10300000000000001
18,Walking,1653123006,-0.193,+1.04,+0.039
18,Walking,1653123006,-0.166,+1.047,-0.011
18,Walking,1653123006,-0.14300000000000002,+1.053,-0.065
18,Walking,1653123006,-0.08,+1.079,-0.091
18,Walking,1653123006,-0.03,+1.093,-0.11
18,Walking,1653123006,+0.017,+1.13,-0.07
18,Walking,1653123006,+0.051000000000000004,+1.187,-0.006
18,Walking,1653123006,+0.044,+1.234,+0.011
18,Walking,1653123006,+0.095,+1.278,-0.003
18,Walking,1653123006,-0.153,+1.249,-0.001
18,Walking,1653123006,-0.20600000000000002,+1.229,-0.054
18,Walking,1653123006,-0.265,+1.2650000000000001,-0.11
18,Walking,1653123006,-0.302,+1.338,-0.191
18,Walking,1653123006,-0.339,+1.331,-0.269
18,Walking,1653123006,-0.394,+1.2850000000000001,-0.314
18,Walking,1653123006,-0.467,+1.189,-0.371
18,Walking,1653123006,-0.6980000000000001,+1.091,-0.296
18,Walking,1653123006,-0.716,+0.985,-0.23500000000000001
18,Walking,1653123006,-0.72,+1.017,-0.097
18,Walking,1653123006,-0.631,+1.126,-0.051000000000000004
18,Walking,1653123006,-0.592,+1.175,+0.047
18,Walking,1653123006,-0.718,+1.108,+0.133
18,Walking,1653123007,-1.03,+1.026,+0.227
18,Walking,1653123007,-0.921,+1.16,+0.186
18,Walking,1653123007,-0.743,+1.218,+0.136
18,Walking,1653123007,-0.614,+1.209,+0.07100000000000001
18,Walking,1653123007,-0.486,+1.151,+0.061
18,Walking,1653123007,-0.433,+1.112,+0.036000000000000004
18,Walking,1653123007,-0.34500000000000003,+1.067,+0.047
18,Walking,1653123007,-0.273,+1.023,+0.028
18,Walking,1653123007,-0.281,+0.998,-0.001
18,Walking,1653123007,-0.297,+0.999,-0.03
18,Walking,1653123007,-0.363,+1.005,-0.069
18,Walking,1653123007,-0.417,+0.983,-0.1
18,Walking,1653123007,-0.41600000000000004,+0.98,-0.095
18,Walking,1653123007,-0.35100000000000003,+0.933,-0.054
18,Walking,1653123007,-0.325,+0.88,-0.039
18,Walking,1653123007,-0.295,+0.794,-0.027
18,Walking,1653123007,-0.28600000000000003,+0.769,-0.028
18,Walking,1653123007,-0.277,+0.739,-0.012
18,Walking,1653123007,-0.262,+0.681,+0.011
18,Walking,1653123007,-0.245,+0.629,+0.031
18,Walking,1653123007,-0.249,+0.607,+0.024
18,Walking,1653123007,-0.23600000000000002,+0.548,+0.028
18,Walking,1653123007,-0.243,+0.56,+0.017
18,Walking,1653123007,-0.265,+0.5710000000000001,+0.0
18,Walking,1653123007,-0.276,+0.5740000000000001,-0.034
18,Walking,1653123007,-0.299,+0.585,-0.06
18,Walking,1653123007,-0.325,+0.616,-0.07200000000000001
18,Walking,1653123007,-0.327,+0.626,-0.08700000000000001
18,Walking,1653123007,-0.35000000000000003,+0.647,-0.108
18,Walking,1653123007,-0.34800000000000003,+0.607,-0.134
18,Walking,1653123007,-0.381,+0.586,-0.165
18,Walking,1653123007,-0.4,+0.542,-0.192
18,Walking,1653123007,-0.40700000000000003,+0.508,-0.20500000000000002
18,Walking,1653123007,-0.428,+0.51,-0.214
18,Walking,1653123007,-0.405,+0.498,-0.227
18,Walking,1653123007,-0.399,+0.516,-0.263
18,Walking,1653123007,-0.352,+0.538,-0.272
18,Walking,1653123007,-0.313,+0.591,-0.281
18,Walking,1653123007,-0.28300000000000003,+0.67,-0.279
18,Walking,1653123007,-0.25,+0.744,-0.275
18,Walking,1653123007,-0.178,+0.784,-0.296
18,Walking,1653123007,-0.134,+0.808,-0.358
18,Walking,1653123007,-0.113,+0.847,-0.461
18,Walking,1653123007,-0.085,+0.869,-0.5680000000000001
18,Walking,1653123007,-0.059000000000000004,+0.911,-0.679
18,Walking,1653123007,-0.029,+0.934,-0.769
18,Walking,1653123007,+0.01,+0.998,-0.838
18,Walking,1653123007,+0.044,+1.102,-0.908
18,Walking,1653123007,+0.051000000000000004,+1.28,-0.974
18,Walking,1653123007,+0.062,+1.438,-1.003
18,Walking,1653123007,+0.099,+1.541,-0.912
18,Walking,1653123007,+0.117,+1.5939999999999999,-0.709
18,Walking,1653123007,+0.062,+1.596,-0.516
18,Walking,1653123007,-0.10300000000000001,+1.477,-0.359
18,Walking,1653123007,-0.218,+1.245,-0.264
18,Walking,1653123007,-0.272,+0.9500000000000001,-0.248
18,Walking,1653123007,-0.296,+0.653,-0.306
18,Walking,1653123007,-0.307,+0.41100000000000003,-0.358
18,Walking,1653123007,-0.333,+0.247,-0.402
18,Walking,1653123007,-0.38,+0.192,-0.446
18,Walking,1653123007,-0.459,+0.258,-0.451
18,Walking,1653123007,-0.579,+0.484,-0.363
18,Walking,1653123007,-0.647,+0.788,-0.313
18,Walking,1653123007,-0.6880000000000001,+1.121,-0.375
18,Walking,1653123007,-0.7030000000000001,+1.469,-0.401
18,Walking,1653123007,-0.5730000000000001,+1.752,-0.356
18,Walking,1653123007,-0.359,+2.034,-0.294
18,Walking,1653123007,-0.156,+2.229,-0.431
18,Walking,1653123007,+0.034,+1.916,-0.524
18,Walking,1653123007,+0.051000000000000004,+1.157,-0.11800000000000001
18,Walking,1653123007,-0.085,+0.5,+0.47700000000000004
18,Walking,1653123007,-0.28300000000000003,+0.135,+0.74
18,Walking,1653123007,-0.47700000000000004,-0.007,+0.673
18,Walking,1653123007,-0.58,+0.003,+0.352
18,Walking,1653123007,-0.617,+0.156,+0.005
18,Walking,1653123007,-0.527,+0.42,-0.039
18,Walking,1653123007,-0.40800000000000003,+0.681,+0.146
18,Walking,1653123007,-0.299,+0.933,+0.291
18,Walking,1653123007,-0.193,+1.213,+0.279
18,Walking,1653123007,-0.189,+1.3900000000000001,+0.256
18,Walking,1653123007,-0.20500000000000002,+1.348,+0.32
18,Walking,1653123007,-0.134,+1.158,+0.364
18,Walking,1653123007,-0.10300000000000001,+1.098,+0.324
18,Walking,1653123007,-0.126,+1.131,+0.17300000000000001
18,Walking,1653123007,-0.189,+1.101,+0.052000000000000005
18,Walking,1653123007,-0.316,+0.97,+0.031
18,Walking,1653123007,-0.383,+0.87,+0.032
18,Walking,1653123007,-0.309,+0.854,+0.035
18,Walking,1653123007,-0.226,+0.852,+0.061
18,Walking,1653123007,-0.169,+0.876,+0.084
18,Walking,1653123007,-0.14,+0.9,+0.11
18,Walking,1653123007,-0.135,+0.9530000000000001,+0.13
18,Walking,1653123007,-0.135,+0.988,+0.16
18,Walking,1653123007,-0.17,+0.997,+0.177
18,Walking,1653123007,-0.171,+0.984,+0.184
18,Walking,1653123007,-0.152,+0.9520000000000001,+0.18
18,Walking,1653123007,-0.14300000000000002,+0.922,+0.17
18,Walking,1653123007,-0.14,+0.905,+0.147
18,Walking,1653123007,-0.162,+0.883,+0.117
18,Walking,1653123007,-0.198,+0.875,+0.095
18,Walking,1653123007,-0.219,+0.873,+0.091
18,Walking,1653123007,-0.223,+0.88,+0.08700000000000001
18,Walking,1653123007,-0.223,+0.903,+0.091
18,Walking,1653123007,-0.23900000000000002,+0.897,+0.1
18,Walking,1653123007,-0.234,+0.9390000000000001,+0.09
18,Walking,1653123007,-0.20800000000000002,+0.937,+0.08600000000000001
18,Walking,1653123007,-0.17400000000000002,+0.9470000000000001,+0.075
18,Walking,1653123007,-0.14400000000000002,+0.918,+0.074
18,Walking,1653123007,-0.134,+0.981,+0.033
18,Walking,1653123007,-0.133,+0.971,+0.044
18,Walking,1653123007,-0.139,+0.9540000000000001,+0.068
18,Walking,1653123007,-0.16,+0.9510000000000001,+0.097
18,Walking,1653123007,-0.169,+0.9530000000000001,+0.13
18,Walking,1653123007,-0.17,+0.9570000000000001,+0.131
18,Walking,1653123007,-0.17,+0.964,+0.114
18,Walking,1653123007,-0.171,+0.9410000000000001,+0.115
18,Walking,1653123007,-0.185,+0.926,+0.106
18,Walking,1653123007,-0.20700000000000002,+0.902,+0.083
18,Walking,1653123007,-0.221,+0.889,+0.049
18,Walking,1653123007,-0.225,+0.867,+0.023
18,Walking,1653123007,-0.212,+0.854,+0.021
18,Walking,1653123007,-0.17300000000000001,+0.863,+0.057
18,Walking,1653123008,-0.125,+0.852,+0.124
18,Walking,1653123008,-0.105,+0.965,+0.14400000000000002
18,Walking,1653123008,-0.057,+0.978,+0.171
18,Walking,1653123008,-0.041,+1.004,+0.151
18,Walking,1653123008,-0.043000000000000003,+1.031,+0.114
18,Walking,1653123008,-0.052000000000000005,+1.039,+0.093
18,Walking,1653123008,-0.057,+1.037,+0.095
18,Walking,1653123008,-0.069,+1.021,+0.107
18,Walking,1653123008,-0.079,+1.0,+0.125
18,Walking,1653123008,-0.097,+0.98,+0.127
18,Walking,1653123008,-0.112,+0.9580000000000001,+0.136
18,Walking,1653123008,-0.123,+0.963,+0.15
18,Walking,1653123008,-0.124,+0.982,+0.14
18,Walking,1653123008,-0.11900000000000001,+1.002,+0.113
18,Walking,1653123008,-0.092,+1.014,+0.094
18,Walking,1653123008,-0.064,+1.032,+0.073
18,Walking,1653123008,-0.032,+1.058,+0.033
18,Walking,1653123008,-0.01,+1.085,-0.003
18,Walking,1653123008,-0.001,+1.1280000000000001,-0.049
18,Walking,1653123008,-0.01,+1.166,-0.08600000000000001
18,Walking,1653123008,-0.033,+1.192,-0.127
18,Walking,1653123008,-0.073,+1.216,-0.163
18,Walking,1653123008,-0.134,+1.208,-0.165
18,Walking,1653123008,-0.217,+1.198,-0.147
18,Walking,1653123008,-0.304,+1.206,-0.124
18,Walking,1653123008,-0.39,+1.2530000000000001,-0.111
18,Walking,1653123008,-0.441,+1.317,-0.11800000000000001
18,Walking,1653123008,-0.385,+1.325,-0.113
18,Walking,1653123008,-0.394,+1.3,-0.17
18,Walking,1653123008,-0.403,+1.2690000000000001,-0.216
18,Walking,1653123008,-0.489,+1.226,-0.26
18,Walking,1653123008,-0.611,+1.151,-0.279
18,Walking,1653123008,-0.662,+1.101,-0.32
18,Walking,1653123008,-0.8180000000000001,+1.012,-0.28600000000000003
18,Walking,1653123008,-0.861,+0.988,-0.177
18,Walking,1653123008,-0.804,+1.038,-0.024
18,Walking,1653123008,-0.795,+1.07,+0.124
18,Walking,1653123008,-0.724,+1.12,+0.279
18,Walking,1653123008,-0.557,+1.214,+0.289
18,Walking,1653123008,-0.383,+1.301,+0.34500000000000003
18,Walking,1653123008,-0.252,+1.272,+0.325
18,Walking,1653123008,-0.149,+1.192,+0.268
18,Walking,1653123008,-0.09,+1.162,+0.157
18,Walking,1653123008,-0.052000000000000005,+1.18,+0.093
18,Walking,1653123008,-0.078,+1.162,+0.034
18,Walking,1653123008,-0.148,+1.159,-0.021
18,Walking,1653123008,-0.17200000000000001,+1.101,-0.03
18,Walking,1653123008,-0.212,+0.998,-0.048
18,Walking,1653123008,-0.268,+0.971,-0.058
18,Walking,1653123008,-0.303,+0.923,-0.043000000000000003
18,Walking,1653123008,-0.269,+0.911,-0.044
18,Walking,1653123008,-0.23900000000000002,+0.89,-0.032
18,Walking,1653123008,-0.202,+0.8230000000000001,-0.03
18,Walking,1653123008,-0.193,+0.8140000000000001,-0.033
18,Walking,1653123008,-0.203,+0.802,-0.029
18,Walking,1653123008,-0.227,+0.779,-0.046
18,Walking,1653123008,-0.248,+0.743,-0.063
18,Walking,1653123008,-0.255,+0.6970000000000001,-0.079
18,Walking,1653123008,-0.255,+0.644,-0.089
18,Walking,1653123008,-0.265,+0.611,-0.095
18,Walking,1653123008,-0.268,+0.589,-0.095
18,Walking,1653123008,-0.28600000000000003,+0.591,-0.10400000000000001
18,Walking,1653123008,-0.305,+0.603,-0.108
18,Walking,1653123008,-0.319,+0.588,-0.09
18,Walking,1653123008,-0.364,+0.585,-0.07100000000000001
18,Walking,1653123008,-0.395,+0.5740000000000001,-0.036000000000000004
18,Walking,1653123008,-0.419,+0.562,-0.011
18,Walking,1653123008,-0.42,+0.56,+0.023
18,Walking,1653123008,-0.40700000000000003,+0.552,+0.032
18,Walking,1653123008,-0.405,+0.5710000000000001,+0.024
18,Walking,1653123008,-0.393,+0.582,-0.003
18,Walking,1653123008,-0.362,+0.5760000000000001,-0.044
18,Walking,1653123008,-0.333,+0.556,-0.10300000000000001
18,Walking,1653123008,-0.304,+0.562,-0.165
18,Walking,1653123008,-0.263,+0.5720000000000001,-0.20500000000000002
18,Walking,1653123008,-0.233,+0.618,-0.243
18,Walking,1653123008,-0.195,+0.6950000000000001,-0.281
18,Walking,1653123008,-0.135,+0.763,-0.34
18,Walking,1653123008,-0.094,+0.863,-0.421
18,Walking,1653123008,-0.022,+0.995,-0.5
18,Walking,1653123008,+0.077,+1.093,-0.594
18,Walking,1653123008,+0.131,+1.163,-0.672
18,Walking,1653123008,+0.185,+1.193,-0.6900000000000001
18,Walking,1653123008,+0.25,+1.225,-0.648
18,Walking,1653123008,+0.27,+1.258,-0.605
18,Walking,1653123008,+0.223,+1.26,-0.549
18,Walking,1653123008,+0.14100000000000001,+1.233,-0.516
18,Walking,1653123008,+0.063,+1.197,-0.47900000000000004
18,Walking,1653123008,-0.011,+1.189,-0.438
18,Walking,1653123008,-0.099,+1.212,-0.41000000000000003
18,Walking,1653123008,-0.157,+1.211,-0.38
18,Walking,1653123008,-0.20400000000000001,+1.152,-0.371
18,Walking,1653123008,-0.249,+1.023,-0.386
18,Walking,1653123008,-0.274,+0.893,-0.424
18,Walking,1653123008,-0.293,+0.774,-0.446
18,Walking,1653123008,-0.273,+0.644,-0.444
18,Walking,1653123008,-0.265,+0.582,-0.41500000000000004
18,Walking,1653123008,-0.28300000000000003,+0.62,-0.387
18,Walking,1653123008,-0.295,+0.746,-0.373
18,Walking,1653123008,-0.309,+0.915,-0.365
18,Walking,1653123008,-0.352,+1.121,-0.376
18,Walking,1653123008,-0.41600000000000004,+1.3900000000000001,-0.391
18,Walking,1653123008,-0.427,+1.653,-0.312
18,Walking,1653123008,-0.365,+1.842,-0.14300000000000002
18,Walking,1653123008,-0.297,+1.877,+0.009000000000000001
18,Walking,1653123008,-0.228,+1.724,-0.017
18,Walking,1653123008,-0.231,+1.401,-0.32
18,Walking,1653123008,-0.158,+0.9380000000000001,-0.425
18,Walking,1653123008,-0.13,+0.552,-0.11900000000000001
18,Walking,1653123008,-0.158,+0.198,+0.356
18,Walking,1653123008,-0.292,-0.108,+0.644
18,Walking,1653123008,-0.458,-0.219,+0.603
18,Walking,1653123008,-0.63,-0.027,+0.422
18,Walking,1653123008,-0.6970000000000001,+0.324,+0.234
18,Walking,1653123008,-0.56,+0.677,+0.033
18,Walking,1653123008,-0.37,+1.049,+0.006
18,Walking,1653123008,-0.343,+1.492,+0.126
18,Walking,1653123008,-0.397,+1.486,+0.369
18,Walking,1653123009,-0.223,+1.232,+0.28200000000000003
18,Walking,1653123009,-0.107,+1.1360000000000001,+0.151
18,Walking,1653123009,-0.109,+1.104,+0.162
18,Walking,1653123009,-0.162,+1.086,+0.136
18,Walking,1653123009,-0.256,+0.962,+0.098
18,Walking,1653123009,-0.34,+0.765,+0.082
18,Walking,1653123009,-0.261,+0.748,+0.06
18,Walking,1653123009,-0.161,+0.878,+0.092
18,Walking,1653123009,-0.091,+1.001,+0.153
18,Walking,1653123009,-0.013000000000000001,+1.032,+0.274
18,Walking,1653123009,+0.004,+1.038,+0.34
18,Walking,1653123009,-0.011,+1.063,+0.313
18,Walking,1653123009,-0.058,+1.098,+0.241
18,Walking,1653123009,-0.123,+1.028,+0.216
18,Walking,1653123009,-0.218,+0.975,+0.186
18,Walking,1653123009,-0.276,+0.879,+0.151
18,Walking,1653123009,-0.338,+0.848,+0.11800000000000001
18,Walking,1653123009,-0.36,+0.8310000000000001,+0.092
18,Walking,1653123009,-0.365,+0.8260000000000001,+0.085
18,Walking,1653123009,-0.363,+0.8320000000000001,+0.088
18,Walking,1653123009,-0.34,+0.848,+0.096
18,Walking,1653123009,-0.309,+0.858,+0.11900000000000001
18,Walking,1653123009,-0.274,+0.911,+0.117
18,Walking,1653123009,-0.22,+0.925,+0.121
18,Walking,1653123009,-0.17200000000000001,+0.926,+0.126
18,Walking,1653123009,-0.114,+0.895,+0.131
18,Walking,1653123009,-0.133,+0.936,+0.113
18,Walking,1653123009,-0.126,+0.922,+0.085
18,Walking,1653123009,-0.11800000000000001,+0.922,+0.074
18,Walking,1653123009,-0.112,+0.919,+0.08700000000000001
18,Walking,1653123009,-0.111,+0.919,+0.116
18,Walking,1653123009,-0.171,+0.9410000000000001,+0.123
18,Walking,1653123009,-0.186,+0.908,+0.109
18,Walking,1653123009,-0.20600000000000002,+0.907,+0.094
18,Walking,1653123009,-0.20400000000000001,+0.924,+0.094
18,Walking,1653123009,-0.213,+0.934,+0.105
18,Walking,1653123009,-0.22,+0.933,+0.115
18,Walking,1653123009,-0.232,+0.934,+0.105
18,Walking,1653123009,-0.248,+0.92,+0.08700000000000001
18,Walking,1653123009,-0.248,+0.907,+0.066
18,Walking,1653123009,-0.23500000000000001,+0.895,+0.059000000000000004
18,Walking,1653123009,-0.22,+0.886,+0.074
18,Walking,1653123009,-0.196,+0.889,+0.096
18,Walking,1653123009,-0.177,+0.916,+0.12
18,Walking,1653123009,-0.15,+0.9550000000000001,+0.154
18,Walking,1653123009,-0.109,+0.965,+0.166
18,Walking,1653123009,-0.107,+0.963,+0.134
18,Walking,1653123009,-0.129,+0.963,+0.094
18,Walking,1653123009,-0.157,+0.975,+0.048
18,Walking,1653123009,-0.135,+0.968,+0.032
18,Walking,1653123009,-0.07,+0.974,+0.065
18,Walking,1653123009,+0.003,+0.987,+0.146
18,Walking,1653123009,+0.028,+1.006,+0.211
18,Walking,1653123009,+0.018000000000000002,+1.01,+0.25
18,Walking,1653123009,-0.03,+1.018,+0.244
18,Walking,1653123009,-0.091,+1.018,+0.193
18,Walking,1653123009,-0.123,+1.043,+0.133
18,Walking,1653123009,-0.128,+1.077,+0.051000000000000004
18,Walking,1653123009,-0.10300000000000001,+1.107,-0.003
18,Walking,1653123009,-0.089,+1.127,-0.05
18,Walking,1653123009,-0.054,+1.242,-0.077
18,Walking,1653123009,-0.046,+1.302,-0.065
18,Walking,1653123009,-0.016,+1.307,-0.068
18,Walking,1653123009,-0.11,+1.316,-0.06
18,Walking,1653123009,-0.159,+1.283,-0.099
18,Walking,1653123009,-0.226,+1.28,-0.134
18,Walking,1653123009,-0.27,+1.297,-0.193
18,Walking,1653123009,-0.322,+1.312,-0.244
18,Walking,1653123009,-0.34900000000000003,+1.296,-0.276
18,Walking,1653123009,-0.402,+1.272,-0.303
18,Walking,1653123009,-0.463,+1.238,-0.295
18,Walking,1653123009,-0.536,+1.215,-0.256
18,Walking,1653123009,-0.634,+1.183,-0.23500000000000001
18,Walking,1653123009,-0.757,+1.135,-0.217
18,Walking,1653123009,-0.851,+1.108,-0.17500000000000002
18,Walking,1653123009,-0.871,+1.115,-0.107
18,Walking,1653123009,-0.96,+1.114,-0.005
18,Walking,1653123009,-0.897,+1.143,+0.092
18,Walking,1653123009,-0.803,+1.222,+0.188
18,Walking,1653123009,-0.733,+1.24,+0.225
18,Walking,1653123009,-0.666,+1.209,+0.263
18,Walking,1653123009,-0.553,+1.137,+0.264
18,Walking,1653123009,-0.423,+1.067,+0.263
18,Walking,1653123009,-0.328,+1.019,+0.20800000000000002
18,Walking,1653123009,-0.223,+1.026,+0.151
18,Walking,1653123009,-0.145,+1.059,+0.07100000000000001
18,Walking,1653123009,-0.10300000000000001,+1.07,+0.018000000000000002
18,Walking,1653123009,-0.091,+1.002,-0.012
18,Walking,1653123009,-0.122,+0.975,-0.07
18,Walking,1653123009,-0.128,+0.917,-0.073
18,Walking,1653123009,-0.154,+0.857,-0.084
18,Walking,1653123009,-0.164,+0.844,-0.10200000000000001
18,Walking,1653123009,-0.167,+0.8180000000000001,-0.091
18,Walking,1653123009,-0.178,+0.767,-0.063
18,Walking,1653123009,-0.197,+0.705,-0.005
18,Walking,1653123009,-0.222,+0.659,+0.014
18,Walking,1653123009,-0.244,+0.63,+0.011
18,Walking,1653123009,-0.23600000000000002,+0.592,+0.009000000000000001
18,Walking,1653123009,-0.241,+0.5640000000000001,+0.001
18,Walking,1653123009,-0.267,+0.549,-0.019
18,Walking,1653123009,-0.29,+0.534,-0.048
18,Walking,1653123009,-0.317,+0.549,-0.069
18,Walking,1653123009,-0.333,+0.557,-0.08700000000000001
18,Walking,1653123009,-0.36,+0.588,-0.10400000000000001
18,Walking,1653123009,-0.379,+0.579,-0.127
18,Walking,1653123009,-0.41100000000000003,+0.579,-0.149
18,Walking,1653123009,-0.41400000000000003,+0.546,-0.156
18,Walking,1653123009,-0.429,+0.55,-0.149
18,Walking,1653123009,-0.442,+0.554,-0.134
18,Walking,1653123009,-0.453,+0.547,-0.116
18,Walking,1653123009,-0.461,+0.537,-0.116
18,Walking,1653123009,-0.425,+0.512,-0.14300000000000002
18,Walking,1653123009,-0.394,+0.47300000000000003,-0.16
18,Walking,1653123009,-0.367,+0.485,-0.183
18,Walking,1653123009,-0.321,+0.532,-0.212
18,Walking,1653123009,-0.266,+0.606,-0.253
18,Walking,1653123009,-0.229,+0.708,-0.307
18,Walking,1653123009,-0.178,+0.812,-0.372
18,Walking,1653123010,-0.149,+0.892,-0.456
18,Walking,1653123010,-0.116,+0.904,-0.543
18,Walking,1653123010,-0.098,+0.9480000000000001,-0.633
18,Walking,1653123010,-0.079,+0.968,-0.732
18,Walking,1653123010,-0.069,+1.076,-0.798
18,Walking,1653123010,+0.026000000000000002,+1.202,-0.867
