18,Walking,1653122524,+0.17300000000000001,+0.935,+0.136
18,Walking,1653122524,+0.181,+0.931,+0.14400000000000002
18,Walking,1653122524,+0.18,+0.93,+0.148
18,Walking,1653122524,+0.199,+0.925,+0.148
18,Walking,1653122524,+0.19,+0.928,+0.158
18,Walking,1653122524,+0.185,+0.927,+0.163
18,Walking,1653122524,+0.17300000000000001,+0.928,+0.158
18,Walking,1653122524,+0.157,+0.923,+0.147
18,Walking,1653122524,+0.157,+0.918,+0.15
18,Walking,1653122524,+0.17200000000000001,+0.912,+0.155
18,Walking,1653122524,+0.17500000000000002,+0.929,+0.156
18,Walking,1653122524,+0.177,+0.936,+0.146
18,Walking,1653122524,+0.189,+0.937,+0.135
18,Walking,1653122524,+0.19,+0.936,+0.145
18,Walking,1653122524,+0.186,+0.937,+0.15
18,Walking,1653122524,+0.188,+0.929,+0.14200000000000002
18,Walking,1653122524,+0.182,+0.92,+0.137
18,Walking,1653122524,+0.176,+0.912,+0.147
18,Walking,1653122525,+0.176,+0.908,+0.156
18,Walking,1653122525,+0.186,+0.91,+0.156
18,Walking,1653122525,+0.194,+0.917,+0.157
18,Walking,1653122525,+0.197,+0.913,+0.154
18,Walking,1653122525,+0.195,+0.915,+0.14400000000000002
18,Walking,1653122525,+0.188,+0.922,+0.148
18,Walking,1653122525,+0.191,+0.928,+0.152
18,Walking,1653122525,+0.199,+0.922,+0.145
18,Walking,1653122525,+0.199,+0.917,+0.157
18,Walking,1653122525,+0.195,+0.914,+0.157
18,Walking,1653122525,+0.2,+0.909,+0.164
18,Walking,1653122525,+0.201,+0.915,+0.17300000000000001
18,Walking,1653122525,+0.197,+0.911,+0.17500000000000002
18,Walking,1653122525,+0.187,+0.902,+0.151
18,Walking,1653122525,+0.17500000000000002,+0.904,+0.134
18,Walking,1653122525,+0.17,+0.914,+0.134
18,Walking,1653122525,+0.17300000000000001,+0.919,+0.138
18,Walking,1653122525,+0.18,+0.917,+0.147
18,Walking,1653122525,+0.189,+0.924,+0.152
18,Walking,1653122525,+0.197,+0.924,+0.157
18,Walking,1653122525,+0.197,+0.913,+0.157
18,Walking,1653122525,+0.198,+0.913,+0.162
18,Walking,1653122525,+0.2,+0.91,+0.163
18,Walking,1653122525,+0.2,+0.913,+0.164
18,Walking,1653122525,+0.203,+0.913,+0.168
18,Walking,1653122525,+0.20700000000000002,+0.915,+0.164
18,Walking,1653122525,+0.213,+0.921,+0.163
18,Walking,1653122525,+0.224,+0.916,+0.154
18,Walking,1653122525,+0.233,+0.921,+0.146
18,Walking,1653122525,+0.23800000000000002,+0.9460000000000001,+0.137
18,Walking,1653122525,+0.256,+0.977,+0.139
18,Walking,1653122525,+0.265,+1.012,+0.148
18,Walking,1653122525,+0.276,+1.045,+0.161
18,Walking,1653122525,+0.256,+1.065,+0.17300000000000001
18,Walking,1653122525,+0.23800000000000002,+1.075,+0.17200000000000001
18,Walking,1653122525,+0.20600000000000002,+1.033,+0.168
18,Walking,1653122525,+0.147,+1.054,+0.14400000000000002
18,Walking,1653122525,+0.134,+1.056,+0.14300000000000002
18,Walking,1653122525,+0.14300000000000002,+1.097,+0.154
18,Walking,1653122525,+0.17200000000000001,+1.145,+0.182
18,Walking,1653122525,+0.197,+1.159,+0.171
18,Walking,1653122525,+0.192,+1.155,+0.13
18,Walking,1653122525,+0.162,+1.137,+0.061
18,Walking,1653122525,+0.139,+1.1440000000000001,+0.008
18,Walking,1653122525,+0.147,+1.146,-0.027
18,Walking,1653122525,+0.126,+1.149,-0.051000000000000004
18,Walking,1653122525,+0.094,+1.139,-0.077
18,Walking,1653122525,+0.066,+1.123,-0.096
18,Walking,1653122525,+0.046,+1.117,-0.108
18,Walking,1653122525,+0.07,+1.125,-0.092
18,Walking,1653122525,+0.099,+1.138,-0.088
18,Walking,1653122525,+0.123,+1.11,-0.088
18,Walking,1653122525,+0.136,+1.098,-0.061
18,Walking,1653122525,+0.163,+1.119,-0.033
18,Walking,1653122525,+0.178,+1.13,-0.024
18,Walking,1653122525,+0.17300000000000001,+1.127,-0.039
18,Walking,1653122525,+0.124,+1.143,-0.077
18,Walking,1653122525,+0.083,+1.125,-0.091
18,Walking,1653122525,+0.02,+1.107,-0.114
18,Walking,1653122525,-0.009000000000000001,+1.105,-0.10200000000000001
18,Walking,1653122525,+0.002,+1.124,-0.094
18,Walking,1653122525,-0.028,+1.148,-0.054
18,Walking,1653122525,+0.013000000000000001,+1.141,+0.03
18,Walking,1653122525,+0.067,+1.117,+0.152
18,Walking,1653122525,+0.079,+1.094,+0.319
18,Walking,1653122525,+0.182,+1.102,+0.394
18,Walking,1653122525,+0.218,+1.127,+0.388
18,Walking,1653122525,+0.252,+1.116,+0.28300000000000003
18,Walking,1653122525,+0.267,+1.111,+0.178
18,Walking,1653122525,+0.268,+1.078,+0.035
18,Walking,1653122525,+0.219,+1.041,-0.058
18,Walking,1653122525,+0.17200000000000001,+0.998,-0.109
18,Walking,1653122525,+0.122,+0.967,-0.117
18,Walking,1653122525,+0.066,+0.934,-0.101
18,Walking,1653122525,+0.03,+0.885,-0.08700000000000001
18,Walking,1653122525,+0.018000000000000002,+0.834,-0.07200000000000001
18,Walking,1653122525,+0.022,+0.8160000000000001,-0.054
18,Walking,1653122525,+0.029,+0.8160000000000001,-0.042
18,Walking,1653122525,+0.036000000000000004,+0.797,-0.023
18,Walking,1653122525,+0.039,+0.765,-0.023
18,Walking,1653122525,+0.058,+0.738,-0.025
18,Walking,1653122525,+0.078,+0.719,-0.041
18,Walking,1653122525,+0.093,+0.7030000000000001,-0.04
18,Walking,1653122525,+0.10200000000000001,+0.714,-0.062
18,Walking,1653122525,+0.082,+0.71,-0.10400000000000001
18,Walking,1653122525,+0.048,+0.72,-0.109
18,Walking,1653122525,+0.03,+0.743,-0.099
18,Walking,1653122525,+0.01,+0.76,-0.092
18,Walking,1653122525,-0.027,+0.781,-0.10200000000000001
18,Walking,1653122525,-0.068,+0.795,-0.107
18,Walking,1653122525,-0.076,+0.787,-0.124
18,Walking,1653122525,-0.076,+0.779,-0.136
18,Walking,1653122525,-0.07200000000000001,+0.753,-0.162
18,Walking,1653122525,-0.054,+0.749,-0.162
18,Walking,1653122525,-0.044,+0.734,-0.165
18,Walking,1653122525,-0.035,+0.6940000000000001,-0.187
18,Walking,1653122525,-0.052000000000000005,+0.6930000000000001,-0.187
18,Walking,1653122525,-0.062,+0.706,-0.198
18,Walking,1653122525,-0.065,+0.734,-0.211
18,Walking,1653122525,-0.063,+0.757,-0.228
18,Walking,1653122525,-0.006,+0.8,-0.219
18,Walking,1653122525,+0.022,+0.8260000000000001,-0.242
18,Walking,1653122525,+0.044,+0.845,-0.259
18,Walking,1653122525,+0.097,+0.887,-0.278
18,Walking,1653122525,+0.131,+0.9450000000000001,-0.295
18,Walking,1653122525,+0.17400000000000002,+0.9440000000000001,-0.33
18,Walking,1653122525,+0.183,+0.932,-0.36
18,Walking,1653122525,+0.21,+0.909,-0.39
18,Walking,1653122525,+0.232,+0.907,-0.41100000000000003
18,Walking,1653122525,+0.263,+0.92,-0.447
18,Walking,1653122525,+0.313,+0.986,-0.483
18,Walking,1653122525,+0.34,+1.054,-0.522
18,Walking,1653122525,+0.34,+1.106,-0.5710000000000001
18,Walking,1653122525,+0.373,+1.148,-0.5640000000000001
18,Walking,1653122525,+0.399,+1.204,-0.559
18,Walking,1653122525,+0.384,+1.241,-0.595
18,Walking,1653122525,+0.34800000000000003,+1.276,-0.5760000000000001
18,Walking,1653122525,+0.364,+1.2770000000000001,-0.506
18,Walking,1653122525,+0.37,+1.227,-0.431
18,Walking,1653122526,+0.373,+1.123,-0.357
18,Walking,1653122526,+0.353,+0.9550000000000001,-0.307
18,Walking,1653122526,+0.307,+0.791,-0.251
18,Walking,1653122526,+0.255,+0.67,-0.20800000000000002
18,Walking,1653122526,+0.19,+0.598,-0.186
18,Walking,1653122526,+0.107,+0.596,-0.193
18,Walking,1653122526,+0.029,+0.682,-0.199
18,Walking,1653122526,-0.019,+0.839,-0.193
18,Walking,1653122526,-0.055,+0.977,-0.151
18,Walking,1653122526,-0.098,+1.089,-0.055
18,Walking,1653122526,-0.098,+1.173,+0.015
18,Walking,1653122526,-0.097,+1.286,+0.049
18,Walking,1653122526,-0.082,+1.3940000000000001,+0.013000000000000001
18,Walking,1653122526,-0.052000000000000005,+1.473,-0.08700000000000001
18,Walking,1653122526,-0.011,+1.5150000000000001,-0.251
18,Walking,1653122526,+0.067,+1.453,-0.456
18,Walking,1653122526,+0.17500000000000002,+1.295,-0.5660000000000001
18,Walking,1653122526,+0.176,+1.01,-0.392
18,Walking,1653122526,+0.07,+0.708,-0.044
18,Walking,1653122526,-0.11800000000000001,+0.488,+0.24
18,Walking,1653122526,-0.28800000000000003,+0.395,+0.443
18,Walking,1653122526,-0.423,+0.36,+0.521
18,Walking,1653122526,-0.562,+0.456,+0.463
18,Walking,1653122526,-0.54,+0.59,+0.35100000000000003
18,Walking,1653122526,-0.401,+0.757,+0.245
18,Walking,1653122526,-0.14300000000000002,+0.9380000000000001,+0.167
18,Walking,1653122526,+0.09,+1.116,+0.166
18,Walking,1653122526,+0.229,+1.133,+0.271
18,Walking,1653122526,+0.436,+1.095,+0.261
18,Walking,1653122526,+0.529,+1.134,+0.231
18,Walking,1653122526,+0.551,+1.152,+0.274
18,Walking,1653122526,+0.506,+1.133,+0.281
18,Walking,1653122526,+0.401,+1.095,+0.20500000000000002
18,Walking,1653122526,+0.246,+1.002,+0.123
18,Walking,1653122526,+0.151,+0.918,+0.054
18,Walking,1653122526,+0.13,+0.914,-0.004
18,Walking,1653122526,+0.151,+0.921,+0.02
18,Walking,1653122526,+0.148,+0.923,+0.08600000000000001
18,Walking,1653122526,+0.139,+0.928,+0.122
18,Walking,1653122526,+0.12,+0.9520000000000001,+0.128
18,Walking,1653122526,+0.098,+0.969,+0.112
18,Walking,1653122526,+0.073,+0.9490000000000001,+0.101
18,Walking,1653122526,+0.076,+0.929,+0.089
18,Walking,1653122526,+0.096,+0.921,+0.074
18,Walking,1653122526,+0.14300000000000002,+0.92,+0.073
18,Walking,1653122526,+0.18,+0.917,+0.079
18,Walking,1653122526,+0.228,+0.922,+0.078
18,Walking,1653122526,+0.272,+0.933,+0.058
18,Walking,1653122526,+0.269,+0.927,+0.06
18,Walking,1653122526,+0.268,+0.922,+0.064
18,Walking,1653122526,+0.266,+0.905,+0.08600000000000001
18,Walking,1653122526,+0.221,+0.9,+0.093
18,Walking,1653122526,+0.26,+0.89,+0.069
18,Walking,1653122526,+0.18,+0.913,+0.079
18,Walking,1653122526,+0.252,+0.882,+0.043000000000000003
18,Walking,1653122526,+0.17,+0.925,+0.082
18,Walking,1653122526,+0.215,+0.92,+0.10300000000000001
18,Walking,1653122526,+0.17,+0.96,+0.128
18,Walking,1653122526,+0.156,+0.934,+0.129
18,Walking,1653122526,+0.135,+0.924,+0.126
18,Walking,1653122526,+0.105,+0.932,+0.14400000000000002
18,Walking,1653122526,+0.093,+0.915,+0.146
18,Walking,1653122526,+0.092,+0.915,+0.152
18,Walking,1653122526,+0.089,+0.905,+0.149
18,Walking,1653122526,+0.08,+0.901,+0.134
18,Walking,1653122526,+0.089,+0.899,+0.121
18,Walking,1653122526,+0.114,+0.917,+0.133
18,Walking,1653122526,+0.14400000000000002,+0.9400000000000001,+0.159
18,Walking,1653122526,+0.178,+0.9520000000000001,+0.159
18,Walking,1653122526,+0.203,+0.9550000000000001,+0.149
18,Walking,1653122526,+0.231,+0.961,+0.116
18,Walking,1653122526,+0.252,+0.9590000000000001,+0.091
18,Walking,1653122526,+0.264,+0.964,+0.069
18,Walking,1653122526,+0.266,+0.936,+0.052000000000000005
18,Walking,1653122526,+0.272,+0.937,+0.054
18,Walking,1653122526,+0.273,+0.933,+0.074
18,Walking,1653122526,+0.272,+0.937,+0.097
18,Walking,1653122526,+0.254,+0.9550000000000001,+0.10200000000000001
18,Walking,1653122526,+0.231,+0.986,+0.08600000000000001
18,Walking,1653122526,+0.199,+1.022,+0.076
18,Walking,1653122526,+0.188,+1.053,+0.063
18,Walking,1653122526,+0.134,+1.08,+0.053
18,Walking,1653122526,+0.128,+1.095,+0.035
18,Walking,1653122526,+0.073,+1.117,+0.02
18,Walking,1653122526,+0.062,+1.124,-0.02
18,Walking,1653122526,+0.157,+1.1320000000000001,-0.061
18,Walking,1653122526,+0.296,+1.168,-0.098
18,Walking,1653122526,+0.395,+1.206,-0.147
18,Walking,1653122526,+0.47400000000000003,+1.198,-0.15
18,Walking,1653122526,+0.49,+1.181,-0.095
18,Walking,1653122526,+0.443,+1.203,-0.07
18,Walking,1653122526,+0.34600000000000003,+1.26,-0.183
18,Walking,1653122526,+0.221,+1.328,-0.28300000000000003
18,Walking,1653122526,+0.094,+1.3820000000000001,-0.202
18,Walking,1653122526,+0.029,+1.417,-0.078
18,Walking,1653122526,-0.003,+1.419,+0.025
18,Walking,1653122526,-0.019,+1.427,-0.002
18,Walking,1653122526,-0.029,+1.371,-0.126
18,Walking,1653122526,-0.098,+1.314,-0.151
18,Walking,1653122526,-0.17400000000000002,+1.274,-0.089
18,Walking,1653122526,-0.261,+1.2429999999999999,-0.004
18,Walking,1653122526,-0.317,+1.214,+0.062
18,Walking,1653122526,-0.401,+1.235,+0.215
18,Walking,1653122526,-0.23600000000000002,+1.2770000000000001,+0.328
18,Walking,1653122526,-0.105,+1.272,+0.41600000000000004
18,Walking,1653122526,-0.019,+1.233,+0.402
18,Walking,1653122526,+0.094,+1.166,+0.333
18,Walking,1653122526,+0.28,+1.124,+0.258
18,Walking,1653122526,+0.39,+1.092,+0.186
18,Walking,1653122526,+0.40700000000000003,+1.105,+0.11900000000000001
18,Walking,1653122526,+0.387,+1.094,+0.055
18,Walking,1653122526,+0.303,+1.026,+0.027
18,Walking,1653122526,+0.187,+0.976,-0.007
18,Walking,1653122526,+0.083,+0.9500000000000001,-0.056
18,Walking,1653122526,+0.039,+0.904,-0.066
18,Walking,1653122526,+0.041,+0.841,-0.035
18,Walking,1653122526,+0.067,+0.808,-0.004
18,Walking,1653122526,+0.06,+0.8230000000000001,-0.014
18,Walking,1653122526,+0.074,+0.8130000000000001,-0.01
18,Walking,1653122527,+0.077,+0.81,-0.001
18,Walking,1653122527,+0.093,+0.765,+0.016
18,Walking,1653122527,+0.075,+0.741,+0.033
18,Walking,1653122527,+0.048,+0.677,+0.029
18,Walking,1653122527,+0.009000000000000001,+0.632,+0.018000000000000002
18,Walking,1653122527,-0.023,+0.582,+0.0
18,Walking,1653122527,-0.037,+0.5760000000000001,+0.0
18,Walking,1653122527,-0.044,+0.5740000000000001,-0.028
18,Walking,1653122527,-0.077,+0.598,-0.034
18,Walking,1653122527,-0.084,+0.604,-0.06
18,Walking,1653122527,-0.137,+0.577,-0.055
18,Walking,1653122527,-0.134,+0.586,-0.074
18,Walking,1653122527,-0.157,+0.606,-0.083
18,Walking,1653122527,-0.166,+0.619,-0.094
18,Walking,1653122527,-0.179,+0.592,-0.128
18,Walking,1653122527,-0.187,+0.617,-0.14
18,Walking,1653122527,-0.159,+0.554,-0.161
18,Walking,1653122527,-0.167,+0.497,-0.20400000000000001
18,Walking,1653122527,-0.435,+0.359,-0.231
18,Walking,1653122527,+0.021,+0.541,-0.212
18,Walking,1653122527,+0.048,+0.625,-0.256
18,Walking,1653122527,-0.015,+0.728,-0.297
18,Walking,1653122527,+0.042,+0.846,-0.354
18,Walking,1653122527,+0.132,+0.937,-0.457
18,Walking,1653122527,+0.225,+0.997,-0.587
18,Walking,1653122527,+0.279,+1.087,-0.724
18,Walking,1653122527,+0.41500000000000004,+1.27,-0.809
18,Walking,1653122527,+0.549,+1.469,-0.901
18,Walking,1653122527,+0.628,+1.569,-0.898
18,Walking,1653122527,+0.8180000000000001,+1.4100000000000001,-0.933
18,Walking,1653122527,+0.8220000000000001,+1.329,-0.891
18,Walking,1653122527,+0.628,+1.262,-0.707
18,Walking,1653122527,+0.45,+1.237,-0.392
18,Walking,1653122527,+0.298,+1.187,-0.223
18,Walking,1653122527,+0.167,+1.038,-0.182
18,Walking,1653122527,+0.058,+0.79,-0.194
18,Walking,1653122527,+0.003,+0.648,-0.229
18,Walking,1653122527,+0.004,+0.75,-0.275
18,Walking,1653122527,+0.027,+0.59,-0.392
18,Walking,1653122527,-0.042,+0.447,-0.46900000000000003
18,Walking,1653122527,-0.123,+0.6890000000000001,-0.292
18,Walking,1653122527,-0.123,+1.055,-0.028
18,Walking,1653122527,-0.092,+1.353,+0.231
18,Walking,1653122527,-0.064,+1.505,+0.329
18,Walking,1653122527,+0.34900000000000003,+1.779,+0.179
18,Walking,1653122527,+0.336,+1.642,-0.394
18,Walking,1653122527,+0.278,+1.4020000000000001,-0.882
18,Walking,1653122527,+0.183,+1.219,-0.614
18,Walking,1653122527,-0.028,+0.868,+0.07100000000000001
18,Walking,1653122527,-0.23700000000000002,+0.601,+0.585
18,Walking,1653122527,-0.388,+0.658,+0.76
18,Walking,1653122527,-0.336,+0.457,+0.607
18,Walking,1653122527,-0.41500000000000004,+0.08,+0.293
18,Walking,1653122527,-0.334,+0.435,+0.074
18,Walking,1653122527,-0.058,+0.914,-0.008
18,Walking,1653122527,+0.163,+1.153,+0.084
18,Walking,1653122527,+0.34800000000000003,+1.259,+0.227
18,Walking,1653122527,+0.51,+1.276,+0.309
18,Walking,1653122527,+0.546,+1.245,+0.279
18,Walking,1653122527,+0.41100000000000003,+1.13,+0.21
18,Walking,1653122527,+0.313,+1.006,+0.131
18,Walking,1653122527,+0.224,+0.927,+0.019
18,Walking,1653122527,+0.156,+0.865,-0.07100000000000001
18,Walking,1653122527,+0.122,+0.85,-0.075
18,Walking,1653122527,+0.101,+0.84,-0.059000000000000004
18,Walking,1653122527,+0.089,+0.8320000000000001,-0.022
18,Walking,1653122527,+0.067,+0.84,+0.033
18,Walking,1653122527,+0.069,+0.884,+0.07
18,Walking,1653122527,+0.079,+0.921,+0.08
18,Walking,1653122527,+0.11900000000000001,+0.934,+0.083
18,Walking,1653122527,+0.14200000000000002,+0.9490000000000001,+0.082
18,Walking,1653122527,+0.151,+0.97,+0.065
18,Walking,1653122527,+0.123,+0.889,+0.062
18,Walking,1653122527,+0.111,+0.866,+0.058
18,Walking,1653122527,+0.081,+0.854,+0.051000000000000004
18,Walking,1653122527,+0.07,+0.868,+0.042
18,Walking,1653122527,+0.062,+0.898,+0.019
18,Walking,1653122527,+0.091,+0.9490000000000001,-0.006
18,Walking,1653122527,+0.10200000000000001,+0.924,+0.0
18,Walking,1653122527,+0.133,+0.9440000000000001,+0.002
18,Walking,1653122527,+0.161,+0.965,+0.025
18,Walking,1653122527,+0.164,+0.971,+0.011
18,Walking,1653122527,+0.114,+0.907,+0.028
18,Walking,1653122527,+0.117,+0.889,+0.062
18,Walking,1653122527,+0.145,+0.9,+0.089
18,Walking,1653122527,+0.167,+0.919,+0.093
18,Walking,1653122527,+0.22,+0.916,+0.085
18,Walking,1653122527,+0.241,+0.891,+0.069
18,Walking,1653122527,+0.218,+0.932,+0.035
18,Walking,1653122527,+0.216,+0.985,+0.0
18,Walking,1653122527,+0.184,+0.961,-0.012
18,Walking,1653122527,+0.16,+0.902,-0.005
18,Walking,1653122527,+0.097,+0.789,+0.009000000000000001
18,Walking,1653122527,+0.194,+0.924,+0.042
18,Walking,1653122527,+0.264,+0.997,+0.032
18,Walking,1653122527,+0.278,+0.979,+0.018000000000000002
18,Walking,1653122527,+0.29,+0.972,+0.037
18,Walking,1653122527,+0.23600000000000002,+0.924,+0.052000000000000005
18,Walking,1653122527,+0.218,+0.937,+0.064
18,Walking,1653122527,+0.212,+0.9580000000000001,+0.048
18,Walking,1653122527,+0.225,+0.974,+0.024
18,Walking,1653122527,+0.247,+1.012,+0.002
18,Walking,1653122527,+0.273,+1.006,+0.023
18,Walking,1653122527,+0.241,+1.05,+0.003
18,Walking,1653122527,+0.20700000000000002,+1.057,-0.006
18,Walking,1653122527,+0.163,+1.045,-0.018000000000000002
18,Walking,1653122527,+0.167,+1.048,-0.045
18,Walking,1653122527,+0.218,+1.04,-0.095
18,Walking,1653122527,+0.264,+1.071,-0.163
18,Walking,1653122527,+0.34,+1.109,-0.23800000000000002
18,Walking,1653122527,+0.366,+1.16,-0.26
18,Walking,1653122527,+0.35100000000000003,+1.231,-0.225
18,Walking,1653122527,+0.315,+1.2650000000000001,-0.203
18,Walking,1653122527,+0.226,+1.298,-0.21
18,Walking,1653122527,+0.097,+1.375,-0.248
18,Walking,1653122527,-0.037,+1.411,-0.232
18,Walking,1653122527,-0.111,+1.452,-0.181
18,Walking,1653122527,-0.037,+1.408,-0.11900000000000001
18,Walking,1653122528,+0.082,+1.349,-0.08
18,Walking,1653122528,+0.17400000000000002,+1.286,-0.062
18,Walking,1653122528,+0.14,+1.278,-0.079
18,Walking,1653122528,+0.052000000000000005,+1.274,-0.095
18,Walking,1653122528,-0.049,+1.266,-0.048
18,Walking,1653122528,-0.14,+1.279,+0.027
18,Walking,1653122528,-0.18,+1.306,+0.107
18,Walking,1653122528,-0.201,+1.329,+0.14
18,Walking,1653122528,-0.136,+1.318,+0.166
18,Walking,1653122528,-0.035,+1.2690000000000001,+0.168
18,Walking,1653122528,+0.033,+1.168,+0.14400000000000002
18,Walking,1653122528,+0.124,+1.074,+0.099
18,Walking,1653122528,+0.192,+1.037,+0.055
18,Walking,1653122528,+0.183,+1.028,+0.029
18,Walking,1653122528,+0.196,+0.9390000000000001,+0.025
18,Walking,1653122528,+0.17300000000000001,+0.92,+0.023
18,Walking,1653122528,+0.107,+0.879,+0.011
18,Walking,1653122528,+0.037,+0.924,-0.03
18,Walking,1653122528,-0.014,+0.912,-0.136
18,Walking,1653122528,-0.003,+0.9450000000000001,-0.093
18,Walking,1653122528,-0.003,+0.854,-0.07200000000000001
18,Walking,1653122528,+0.046,+0.905,-0.018000000000000002
18,Walking,1653122528,+0.056,+0.719,-0.014
18,Walking,1653122528,+0.043000000000000003,+0.73,+0.013000000000000001
18,Walking,1653122528,+0.007,+0.6920000000000001,+0.006
18,Walking,1653122528,-0.025,+0.654,+0.0
18,Walking,1653122528,-0.038,+0.594,+0.0
18,Walking,1653122528,-0.073,+0.548,+0.002
18,Walking,1653122528,-0.112,+0.64,+0.022
18,Walking,1653122528,-0.151,+0.7020000000000001,+0.042
18,Walking,1653122528,-0.19,+0.714,+0.032
18,Walking,1653122528,-0.212,+0.705,+0.004
18,Walking,1653122528,-0.247,+0.679,-0.038
18,Walking,1653122528,-0.274,+0.667,-0.068
18,Walking,1653122528,-0.278,+0.641,-0.07200000000000001
18,Walking,1653122528,-0.264,+0.621,-0.07
18,Walking,1653122528,-0.249,+0.632,-0.07200000000000001
18,Walking,1653122528,-0.20800000000000002,+0.651,-0.083
18,Walking,1653122528,-0.159,+0.67,-0.123
18,Walking,1653122528,-0.127,+0.682,-0.183
18,Walking,1653122528,-0.068,+0.707,-0.24
18,Walking,1653122528,-0.031,+0.706,-0.326
18,Walking,1653122528,-0.009000000000000001,+0.748,-0.426
18,Walking,1653122528,+0.014,+0.751,-0.504
18,Walking,1653122528,+0.08700000000000001,+0.805,-0.604
18,Walking,1653122528,+0.114,+0.89,-0.733
18,Walking,1653122528,+0.192,+0.966,-0.802
18,Walking,1653122528,+0.32,+1.1400000000000001,-0.8310000000000001
18,Walking,1653122528,+0.41400000000000003,+1.21,-0.898
18,Walking,1653122528,+0.498,+1.165,-0.964
18,Walking,1653122528,+0.5670000000000001,+1.175,-0.998
18,Walking,1653122528,+0.558,+1.215,-0.9390000000000001
18,Walking,1653122528,+0.443,+1.289,-0.758
18,Walking,1653122528,+0.304,+1.314,-0.547
18,Walking,1653122528,+0.18,+1.242,-0.356
18,Walking,1653122528,+0.107,+1.104,-0.23600000000000002
18,Walking,1653122528,+0.051000000000000004,+0.9480000000000001,-0.191
18,Walking,1653122528,+0.012,+0.847,-0.213
18,Walking,1653122528,-0.004,+0.763,-0.265
18,Walking,1653122528,-0.02,+0.706,-0.365
18,Walking,1653122528,+0.014,+0.713,-0.47900000000000004
18,Walking,1653122528,-0.008,+0.617,-0.55
18,Walking,1653122528,-0.016,+0.737,-0.427
18,Walking,1653122528,+0.04,+1.007,-0.155
18,Walking,1653122528,+0.184,+1.35,+0.078
18,Walking,1653122528,+0.28400000000000003,+1.6560000000000001,+0.193
18,Walking,1653122528,+0.214,+1.572,+0.219
18,Walking,1653122528,+0.031,+1.359,-0.077
18,Walking,1653122528,+0.017,+1.246,-0.629
18,Walking,1653122528,+0.011,+1.177,-0.715
18,Walking,1653122528,-0.07200000000000001,+1.041,-0.176
18,Walking,1653122528,-0.198,+0.925,+0.40700000000000003
18,Walking,1653122528,-0.26,+0.742,+0.6960000000000001
18,Walking,1653122528,-0.179,+0.615,+0.745
18,Walking,1653122528,-0.067,+0.496,+0.525
18,Walking,1653122528,+0.005,+0.497,+0.20500000000000002
18,Walking,1653122528,-0.04,+0.59,+0.064
18,Walking,1653122528,+0.106,+1.039,+0.10400000000000001
18,Walking,1653122528,+0.187,+1.239,+0.132
18,Walking,1653122528,+0.20800000000000002,+1.263,+0.14200000000000002
18,Walking,1653122528,+0.022,+0.9520000000000001,+0.158
18,Walking,1653122528,+0.01,+0.9390000000000001,+0.195
18,Walking,1653122528,+0.052000000000000005,+0.981,+0.14200000000000002
18,Walking,1653122528,+0.115,+1.018,+0.04
18,Walking,1653122528,+0.176,+1.016,-0.035
18,Walking,1653122528,+0.213,+1.025,-0.074
18,Walking,1653122528,+0.23800000000000002,+1.011,-0.057
18,Walking,1653122528,+0.23600000000000002,+1.007,-0.008
18,Walking,1653122528,+0.213,+0.992,+0.051000000000000004
18,Walking,1653122528,+0.184,+0.969,+0.097
18,Walking,1653122528,+0.157,+0.9460000000000001,+0.10400000000000001
18,Walking,1653122528,+0.133,+0.923,+0.083
18,Walking,1653122528,+0.127,+0.889,+0.061
18,Walking,1653122528,+0.113,+0.865,+0.063
18,Walking,1653122528,+0.098,+0.8240000000000001,+0.076
18,Walking,1653122528,+0.109,+0.8310000000000001,+0.049
18,Walking,1653122528,+0.129,+0.808,+0.026000000000000002
18,Walking,1653122528,+0.128,+0.8140000000000001,+0.031
18,Walking,1653122528,+0.17500000000000002,+0.8290000000000001,+0.004
18,Walking,1653122528,+0.201,+0.894,+0.024
18,Walking,1653122528,+0.274,+0.986,+0.016
18,Walking,1653122528,+0.28200000000000003,+0.982,-0.014
18,Walking,1653122528,+0.20700000000000002,+0.88,-0.014
18,Walking,1653122528,+0.171,+0.873,-0.033
18,Walking,1653122528,+0.14,+0.894,-0.024
18,Walking,1653122528,+0.13,+0.902,+0.0
18,Walking,1653122528,+0.14100000000000001,+0.917,+0.039
18,Walking,1653122528,+0.151,+0.9380000000000001,+0.058
18,Walking,1653122528,+0.16,+0.9550000000000001,+0.048
18,Walking,1653122528,+0.155,+0.965,+0.032
18,Walking,1653122528,+0.16,+0.962,+0.039
18,Walking,1653122528,+0.17,+0.9480000000000001,+0.055
18,Walking,1653122528,+0.20400000000000001,+0.9410000000000001,+0.068
18,Walking,1653122528,+0.23,+0.926,+0.075
18,Walking,1653122528,+0.247,+0.927,+0.057
18,Walking,1653122528,+0.256,+0.933,+0.044
18,Walking,1653122528,+0.248,+0.9580000000000001,+0.034
18,Walking,1653122528,+0.217,+0.993,+0.014
18,Walking,1653122529,+0.166,+1.001,+0.016
18,Walking,1653122529,+0.131,+1.013,+0.044
18,Walking,1653122529,+0.127,+1.005,+0.08
18,Walking,1653122529,+0.177,+1.008,+0.085
18,Walking,1653122529,+0.248,+1.008,+0.081
18,Walking,1653122529,+0.316,+1.004,+0.083
18,Walking,1653122529,+0.34700000000000003,+1.01,+0.063
18,Walking,1653122529,+0.321,+1.052,+0.014
18,Walking,1653122529,+0.303,+1.086,-0.049
18,Walking,1653122529,+0.3,+1.116,-0.108
18,Walking,1653122529,+0.341,+1.164,-0.171
18,Walking,1653122529,+0.369,+1.209,-0.201
18,Walking,1653122529,+0.432,+1.294,-0.17400000000000002
18,Walking,1653122529,+0.447,+1.314,-0.134
18,Walking,1653122529,+0.442,+1.307,-0.156
18,Walking,1653122529,+0.35100000000000003,+1.334,-0.267
18,Walking,1653122529,+0.276,+1.359,-0.365
18,Walking,1653122529,+0.189,+1.381,-0.386
18,Walking,1653122529,+0.109,+1.367,-0.341
18,Walking,1653122529,+0.046,+1.348,-0.27
18,Walking,1653122529,-0.006,+1.321,-0.259
18,Walking,1653122529,-0.074,+1.322,-0.267
18,Walking,1653122529,-0.084,+1.326,-0.23600000000000002
18,Walking,1653122529,-0.153,+1.308,-0.112
18,Walking,1653122529,-0.31,+1.363,+0.08700000000000001
18,Walking,1653122529,-0.28700000000000003,+1.374,+0.324
18,Walking,1653122529,-0.355,+1.45,+0.395
18,Walking,1653122529,-0.259,+1.375,+0.398
18,Walking,1653122529,-0.111,+1.2530000000000001,+0.399
18,Walking,1653122529,-0.113,+1.198,+0.279
18,Walking,1653122529,+0.045,+1.098,+0.10300000000000001
18,Walking,1653122529,+0.184,+1.044,-0.048
18,Walking,1653122529,+0.279,+1.011,-0.139
18,Walking,1653122529,+0.27,+0.995,-0.14100000000000001
18,Walking,1653122529,+0.209,+0.998,-0.085
18,Walking,1653122529,+0.158,+1.008,-0.035
18,Walking,1653122529,+0.078,+1.036,-0.036000000000000004
18,Walking,1653122529,+0.051000000000000004,+1.05,-0.057
18,Walking,1653122529,+0.074,+0.976,-0.06
18,Walking,1653122529,+0.07,+0.927,-0.028
18,Walking,1653122529,+0.096,+0.854,+0.02
18,Walking,1653122529,+0.06,+0.772,+0.047
18,Walking,1653122529,+0.032,+0.705,+0.083
18,Walking,1653122529,+0.011,+0.644,+0.113
18,Walking,1653122529,-0.011,+0.585,+0.12
18,Walking,1653122529,-0.021,+0.538,+0.10300000000000001
18,Walking,1653122529,-0.052000000000000005,+0.516,+0.098
18,Walking,1653122529,-0.078,+0.491,+0.082
18,Walking,1653122529,-0.105,+0.459,+0.07
18,Walking,1653122529,-0.106,+0.557,+0.073
18,Walking,1653122529,-0.113,+0.602,+0.057
18,Walking,1653122529,-0.113,+0.62,+0.035
18,Walking,1653122529,-0.12,+0.635,+0.015
18,Walking,1653122529,-0.117,+0.631,-0.025
18,Walking,1653122529,-0.146,+0.641,-0.038
18,Walking,1653122529,-0.157,+0.645,-0.047
18,Walking,1653122529,-0.17500000000000002,+0.64,-0.055
18,Walking,1653122529,-0.17300000000000001,+0.626,-0.078
18,Walking,1653122529,-0.17200000000000001,+0.595,-0.12
18,Walking,1653122529,-0.166,+0.5730000000000001,-0.177
18,Walking,1653122529,-0.167,+0.524,-0.249
18,Walking,1653122529,-0.187,+0.518,-0.33
18,Walking,1653122529,-0.146,+0.588,-0.39
18,Walking,1653122529,-0.105,+0.618,-0.484
18,Walking,1653122529,-0.017,+0.653,-0.617
18,Walking,1653122529,+0.07,+0.84,-0.741
18,Walking,1653122529,+0.198,+1.133,-0.793
18,Walking,1653122529,+0.365,+1.579,-0.808
18,Walking,1653122529,+0.419,+1.483,-1.059
18,Walking,1653122529,+0.5,+1.401,-1.289
18,Walking,1653122529,+0.589,+1.449,-1.278
18,Walking,1653122529,+0.537,+1.566,-1.023
18,Walking,1653122529,+0.385,+1.574,-0.6930000000000001
18,Walking,1653122529,+0.155,+1.306,-0.403
18,Walking,1653122529,+0.029,+1.022,-0.215
18,Walking,1653122529,-0.018000000000000002,+0.916,-0.13
18,Walking,1653122529,-0.044,+0.775,-0.20800000000000002
18,Walking,1653122529,-0.017,+0.747,-0.34700000000000003
18,Walking,1653122529,-0.02,+0.855,-0.487
18,Walking,1653122529,-0.026000000000000002,+1.011,-0.551
18,Walking,1653122529,-0.012,+1.204,-0.329
18,Walking,1653122529,+0.084,+1.404,+0.178
18,Walking,1653122529,+0.128,+1.381,+0.40700000000000003
18,Walking,1653122529,+0.14300000000000002,+1.349,+0.438
18,Walking,1653122529,+0.092,+1.299,+0.322
18,Walking,1653122529,+0.051000000000000004,+1.179,-0.369
18,Walking,1653122529,+0.095,+1.213,-0.803
18,Walking,1653122529,+0.105,+0.9580000000000001,-0.432
18,Walking,1653122529,-0.094,+0.929,+0.186
18,Walking,1653122529,-0.241,+0.806,+0.483
18,Walking,1653122529,-0.212,+0.629,+0.607
18,Walking,1653122529,-0.152,+0.426,+0.626
18,Walking,1653122529,-0.223,+0.11,+0.492
18,Walking,1653122529,-0.054,+0.5740000000000001,+0.267
18,Walking,1653122529,+0.136,+1.021,+0.07100000000000001
18,Walking,1653122529,+0.229,+1.266,+0.032
18,Walking,1653122529,+0.266,+1.351,+0.107
18,Walking,1653122529,+0.307,+1.315,+0.151
18,Walking,1653122529,+0.15,+0.9520000000000001,+0.095
18,Walking,1653122529,+0.059000000000000004,+0.904,+0.125
18,Walking,1653122529,+0.08,+0.912,+0.11
18,Walking,1653122529,+0.14200000000000002,+0.9430000000000001,+0.061
18,Walking,1653122529,+0.182,+0.982,+0.023
18,Walking,1653122529,+0.20400000000000001,+0.969,+0.0
18,Walking,1653122529,+0.219,+0.9500000000000001,-0.001
18,Walking,1653122529,+0.202,+0.874,+0.007
18,Walking,1653122529,+0.093,+0.8310000000000001,+0.099
18,Walking,1653122529,+0.115,+1.0,+0.106
18,Walking,1653122529,+0.122,+0.978,+0.09
18,Walking,1653122529,+0.10300000000000001,+0.903,+0.092
18,Walking,1653122529,+0.076,+0.86,+0.11800000000000001
18,Walking,1653122529,+0.063,+0.8280000000000001,+0.14
18,Walking,1653122529,+0.06,+0.8280000000000001,+0.135
18,Walking,1653122529,+0.068,+0.839,+0.109
18,Walking,1653122529,+0.079,+0.869,+0.076
18,Walking,1653122529,+0.121,+0.901,+0.056
18,Walking,1653122529,+0.168,+0.9450000000000001,+0.054
18,Walking,1653122530,+0.188,+0.9590000000000001,+0.029
18,Walking,1653122530,+0.098,+0.8180000000000001,-0.013000000000000001
18,Walking,1653122530,+0.068,+0.868,-0.044
18,Walking,1653122530,+0.061,+0.908,-0.057
18,Walking,1653122530,+0.07200000000000001,+0.9480000000000001,-0.054
18,Walking,1653122530,+0.113,+0.961,-0.048
18,Walking,1653122530,+0.157,+0.9450000000000001,+0.007
18,Walking,1653122530,+0.23900000000000002,+0.989,+0.053
18,Walking,1653122530,+0.25,+0.969,+0.093
18,Walking,1653122530,+0.247,+0.894,+0.147
18,Walking,1653122530,+0.217,+0.925,+0.166
18,Walking,1653122530,+0.23800000000000002,+0.999,+0.14300000000000002
18,Walking,1653122530,+0.20800000000000002,+1.018,+0.093
18,Walking,1653122530,+0.159,+1.011,+0.014
18,Walking,1653122530,+0.137,+1.003,-0.067
18,Walking,1653122530,+0.133,+1.012,-0.129
18,Walking,1653122530,+0.129,+0.986,-0.158
18,Walking,1653122530,+0.133,+0.966,-0.129
18,Walking,1653122530,+0.186,+0.929,-0.061
18,Walking,1653122530,+0.23500000000000001,+0.921,+0.0
18,Walking,1653122530,+0.276,+0.9410000000000001,+0.04
18,Walking,1653122530,+0.308,+0.973,+0.061
18,Walking,1653122530,+0.308,+0.992,+0.074
18,Walking,1653122530,+0.33,+0.961,+0.033
18,Walking,1653122530,+0.32,+1.039,-0.08600000000000001
18,Walking,1653122530,+0.272,+1.014,-0.199
18,Walking,1653122530,+0.194,+1.067,-0.312
18,Walking,1653122530,+0.274,+1.085,-0.277
18,Walking,1653122530,+0.293,+1.154,-0.28800000000000003
18,Walking,1653122530,+0.306,+1.225,-0.292
18,Walking,1653122530,+0.325,+1.311,-0.311
18,Walking,1653122530,+0.305,+1.376,-0.359
18,Walking,1653122530,+0.28400000000000003,+1.31,-0.467
18,Walking,1653122530,+0.195,+1.379,-0.523
18,Walking,1653122530,+0.127,+1.28,-0.442
18,Walking,1653122530,+0.053,+1.501,-0.257
18,Walking,1653122530,+0.015,+1.5510000000000002,-0.032
18,Walking,1653122530,+0.004,+1.54,+0.182
18,Walking,1653122530,-0.042,+1.526,+0.331
18,Walking,1653122530,-0.054,+1.467,+0.367
18,Walking,1653122530,-0.014,+1.464,+0.325
18,Walking,1653122530,+0.02,+1.444,+0.245
18,Walking,1653122530,+0.079,+1.396,+0.145
18,Walking,1653122530,+0.129,+1.358,+0.053
18,Walking,1653122530,+0.134,+1.25,-0.006
18,Walking,1653122530,+0.14300000000000002,+1.113,-0.025
18,Walking,1653122530,+0.203,+1.074,-0.017
18,Walking,1653122530,+0.223,+1.004,-0.016
18,Walking,1653122530,+0.228,+0.986,-0.015
18,Walking,1653122530,+0.183,+0.987,-0.032
18,Walking,1653122530,+0.129,+1.034,-0.05
18,Walking,1653122530,+0.07,+1.057,-0.056
18,Walking,1653122530,-0.018000000000000002,+0.9440000000000001,-0.067
18,Walking,1653122530,-0.057,+0.967,-0.051000000000000004
18,Walking,1653122530,-0.079,+0.901,-0.048
18,Walking,1653122530,-0.089,+0.882,-0.037
18,Walking,1653122530,-0.039,+0.983,-0.01
18,Walking,1653122530,-0.04,+0.869,-0.003
18,Walking,1653122530,-0.065,+0.786,+0.001
18,Walking,1653122530,-0.075,+0.704,+0.008
18,Walking,1653122530,-0.065,+0.658,+0.014
18,Walking,1653122530,-0.059000000000000004,+0.629,+0.011
18,Walking,1653122530,-0.092,+0.6,+0.025
18,Walking,1653122530,-0.124,+0.56,+0.042
18,Walking,1653122530,-0.158,+0.534,+0.039
18,Walking,1653122530,-0.183,+0.51,+0.03
18,Walking,1653122530,-0.198,+0.489,+0.029
18,Walking,1653122530,-0.189,+0.458,+0.019
18,Walking,1653122530,-0.176,+0.455,-0.004
18,Walking,1653122530,-0.218,+0.481,-0.005
18,Walking,1653122530,-0.22,+0.47200000000000003,-0.015
18,Walking,1653122530,-0.231,+0.548,+0.002
18,Walking,1653122530,-0.188,+0.645,+0.013000000000000001
18,Walking,1653122530,-0.158,+0.619,+0.016
18,Walking,1653122530,-0.123,+0.5710000000000001,+0.013000000000000001
18,Walking,1653122530,-0.091,+0.518,-0.052000000000000005
18,Walking,1653122530,-0.062,+0.47500000000000003,-0.123
18,Walking,1653122530,-0.06,+0.465,-0.20600000000000002
18,Walking,1653122530,-0.031,+0.587,-0.298
18,Walking,1653122530,+0.02,+0.63,-0.449
18,Walking,1653122530,+0.14,+0.76,-0.726
18,Walking,1653122530,+0.259,+1.027,-0.9460000000000001
18,Walking,1653122530,+0.489,+1.348,-1.158
18,Walking,1653122530,+0.785,+1.5819999999999999,-1.366
18,Walking,1653122530,+1.011,+1.32,-1.624
18,Walking,1653122530,+1.197,+1.508,-1.517
18,Walking,1653122530,+1.072,+1.565,-1.049
18,Walking,1653122530,+0.716,+1.51,-0.623
18,Walking,1653122530,+0.251,+1.276,-0.363
18,Walking,1653122530,-0.022,+1.033,-0.258
18,Walking,1653122530,-0.097,+0.966,-0.228
18,Walking,1653122530,-0.196,+0.8150000000000001,-0.332
18,Walking,1653122530,-0.262,+0.844,-0.47200000000000003
18,Walking,1653122530,-0.306,+0.9390000000000001,-0.579
18,Walking,1653122530,-0.289,+1.145,-0.46
18,Walking,1653122530,-0.131,+1.416,+0.076
18,Walking,1653122530,+0.049,+1.5,+0.461
18,Walking,1653122530,+0.099,+1.461,+0.513
18,Walking,1653122530,+0.043000000000000003,+1.501,+0.431
18,Walking,1653122530,+0.076,+1.472,-0.367
18,Walking,1653122530,+0.079,+1.335,-0.796
18,Walking,1653122530,+0.003,+0.723,-0.17
18,Walking,1653122530,-0.266,+0.616,+0.553
18,Walking,1653122530,-0.386,+0.67,+0.749
18,Walking,1653122530,-0.383,+0.433,+0.649
18,Walking,1653122530,-0.325,+0.395,+0.505
18,Walking,1653122530,-0.211,+0.489,+0.343
18,Walking,1653122530,-0.065,+0.837,+0.20600000000000002
18,Walking,1653122530,+0.028,+0.914,+0.11900000000000001
18,Walking,1653122530,+0.265,+1.224,+0.201
18,Walking,1653122530,+0.487,+1.423,+0.222
18,Walking,1653122530,+0.337,+1.034,+0.125
18,Walking,1653122530,+0.154,+0.914,+0.14100000000000001
18,Walking,1653122530,+0.046,+0.918,+0.148
18,Walking,1653122530,+0.019,+1.003,+0.138
18,Walking,1653122530,+0.036000000000000004,+1.012,+0.097
18,Walking,1653122530,+0.036000000000000004,+0.99,+0.088
18,Walking,1653122530,+0.10300000000000001,+0.986,+0.057
18,Walking,1653122530,+0.169,+1.004,+0.05
18,Walking,1653122530,+0.181,+0.992,+0.059000000000000004
18,Walking,1653122531,+0.19,+0.984,+0.07
18,Walking,1653122531,+0.161,+0.9570000000000001,+0.079
18,Walking,1653122531,+0.153,+0.92,+0.09
18,Walking,1653122531,+0.153,+0.905,+0.085
18,Walking,1653122531,+0.14200000000000002,+0.85,+0.07100000000000001
18,Walking,1653122531,+0.07,+0.729,+0.073
18,Walking,1653122531,+0.026000000000000002,+0.675,+0.1
18,Walking,1653122531,+0.067,+0.8190000000000001,+0.10200000000000001
18,Walking,1653122531,+0.114,+0.883,+0.085
18,Walking,1653122531,+0.151,+0.916,+0.06
18,Walking,1653122531,+0.201,+0.9530000000000001,+0.032
18,Walking,1653122531,+0.209,+0.964,+0.003
18,Walking,1653122531,+0.197,+0.904,-0.021
18,Walking,1653122531,+0.106,+0.805,-0.025
18,Walking,1653122531,+0.08600000000000001,+0.8270000000000001,-0.044
18,Walking,1653122531,+0.078,+0.891,-0.055
18,Walking,1653122531,+0.076,+0.9400000000000001,-0.047
18,Walking,1653122531,+0.085,+0.962,-0.016
18,Walking,1653122531,+0.123,+0.99,+0.03
18,Walking,1653122531,+0.136,+0.978,+0.059000000000000004
18,Walking,1653122531,+0.132,+0.984,+0.089
18,Walking,1653122531,+0.149,+0.974,+0.094
18,Walking,1653122531,+0.176,+0.981,+0.067
18,Walking,1653122531,+0.201,+0.98,+0.031
18,Walking,1653122531,+0.223,+0.966,-0.004
18,Walking,1653122531,+0.23700000000000002,+0.934,-0.045
18,Walking,1653122531,+0.244,+0.9390000000000001,-0.062
18,Walking,1653122531,+0.242,+0.9590000000000001,-0.055
18,Walking,1653122531,+0.219,+0.9540000000000001,-0.017
18,Walking,1653122531,+0.179,+0.9570000000000001,+0.028
18,Walking,1653122531,+0.158,+0.978,+0.035
18,Walking,1653122531,+0.137,+0.998,-0.023
18,Walking,1653122531,+0.146,+1.012,-0.101
18,Walking,1653122531,+0.179,+1.029,-0.163
18,Walking,1653122531,+0.215,+1.059,-0.17500000000000002
18,Walking,1653122531,+0.23900000000000002,+1.067,-0.122
18,Walking,1653122531,+0.261,+1.096,-0.007
18,Walking,1653122531,+0.301,+1.15,+0.082
18,Walking,1653122531,+0.354,+1.201,+0.15
18,Walking,1653122531,+0.448,+1.241,+0.168
18,Walking,1653122531,+0.499,+1.299,+0.041
18,Walking,1653122531,+0.526,+1.307,-0.11
18,Walking,1653122531,+0.458,+1.457,-0.314
18,Walking,1653122531,+0.363,+1.607,-0.418
18,Walking,1653122531,+0.184,+1.599,-0.392
18,Walking,1653122531,+0.055,+1.526,-0.28700000000000003
18,Walking,1653122531,-0.11800000000000001,+1.397,-0.157
18,Walking,1653122531,-0.232,+1.337,-0.093
18,Walking,1653122531,-0.264,+1.347,-0.08700000000000001
18,Walking,1653122531,-0.299,+1.315,-0.075
18,Walking,1653122531,-0.338,+1.279,+0.022
18,Walking,1653122531,-0.28500000000000003,+1.2650000000000001,+0.151
18,Walking,1653122531,-0.28700000000000003,+1.202,+0.234
18,Walking,1653122531,-0.169,+1.201,+0.253
18,Walking,1653122531,+0.022,+1.183,+0.21
18,Walking,1653122531,+0.085,+1.143,+0.132
18,Walking,1653122531,+0.062,+1.054,+0.046
18,Walking,1653122531,+0.129,+1.003,-0.044
18,Walking,1653122531,+0.16,+1.005,-0.081
18,Walking,1653122531,+0.162,+1.034,-0.08
18,Walking,1653122531,+0.138,+1.068,-0.084
18,Walking,1653122531,+0.085,+1.088,-0.064
18,Walking,1653122531,+0.01,+1.143,-0.039
18,Walking,1653122531,-0.042,+1.214,-0.03
18,Walking,1653122531,-0.09,+1.124,-0.04
18,Walking,1653122531,-0.114,+1.067,-0.064
18,Walking,1653122531,-0.08,+1.139,-0.089
18,Walking,1653122531,-0.065,+1.006,-0.081
18,Walking,1653122531,-0.069,+0.848,-0.056
18,Walking,1653122531,-0.088,+0.738,-0.004
18,Walking,1653122531,-0.10300000000000001,+0.655,+0.021
18,Walking,1653122531,-0.116,+0.593,+0.044
18,Walking,1653122531,-0.145,+0.539,+0.069
18,Walking,1653122531,-0.147,+0.509,+0.066
18,Walking,1653122531,-0.126,+0.52,+0.058
18,Walking,1653122531,-0.13,+0.533,+0.046
18,Walking,1653122531,-0.11,+0.561,+0.024
18,Walking,1653122531,-0.089,+0.597,+0.019
18,Walking,1653122531,-0.094,+0.614,+0.013000000000000001
18,Walking,1653122531,-0.101,+0.617,-0.001
18,Walking,1653122531,-0.112,+0.606,-0.027
18,Walking,1653122531,-0.114,+0.605,-0.07100000000000001
18,Walking,1653122531,-0.098,+0.647,-0.109
18,Walking,1653122531,-0.088,+0.594,-0.124
18,Walking,1653122531,-0.073,+0.601,-0.091
18,Walking,1653122531,-0.039,+0.663,-0.061
18,Walking,1653122531,-0.046,+0.63,-0.089
18,Walking,1653122531,-0.038,+0.597,-0.157
18,Walking,1653122531,-0.074,+0.55,-0.228
18,Walking,1653122531,-0.053,+0.5640000000000001,-0.327
18,Walking,1653122531,-0.024,+0.579,-0.425
18,Walking,1653122531,+0.044,+0.6930000000000001,-0.539
18,Walking,1653122531,+0.136,+0.8170000000000001,-0.6980000000000001
18,Walking,1653122531,+0.155,+0.897,-0.8190000000000001
18,Walking,1653122531,+0.23600000000000002,+0.971,-0.851
18,Walking,1653122531,+0.318,+1.156,-0.861
18,Walking,1653122531,+0.35000000000000003,+1.215,-0.934
18,Walking,1653122531,+0.329,+1.363,-1.026
18,Walking,1653122531,+0.246,+1.451,-1.041
18,Walking,1653122531,+0.148,+1.478,-0.9500000000000001
18,Walking,1653122531,+0.039,+1.387,-0.8290000000000001
18,Walking,1653122531,-0.08,+1.231,-0.683
18,Walking,1653122531,-0.159,+1.072,-0.529
18,Walking,1653122531,-0.197,+0.918,-0.419
18,Walking,1653122531,-0.22,+0.81,-0.425
18,Walking,1653122531,-0.23,+0.783,-0.5
18,Walking,1653122531,-0.279,+0.8200000000000001,-0.616
18,Walking,1653122531,-0.115,+1.148,-0.465
18,Walking,1653122531,+0.216,+1.47,-0.084
18,Walking,1653122531,+0.41100000000000003,+1.546,+0.112
18,Walking,1653122531,+0.41500000000000004,+1.434,+0.248
18,Walking,1653122531,+0.311,+1.487,+0.187
18,Walking,1653122531,+0.082,+1.328,-0.341
18,Walking,1653122531,+0.013000000000000001,+1.021,-0.315
18,Walking,1653122531,-0.111,+0.456,+0.388
18,Walking,1653122531,-0.161,+0.705,+0.846
18,Walking,1653122531,-0.212,+0.774,+0.531
18,Walking,1653122531,-0.133,+0.642,+0.40700000000000003
18,Walking,1653122532,+0.009000000000000001,+0.612,+0.45
18,Walking,1653122532,+0.126,+0.735,+0.306
18,Walking,1653122532,+0.157,+1.018,+0.134
18,Walking,1653122532,+0.167,+1.166,+0.134
18,Walking,1653122532,+0.155,+1.154,+0.194
18,Walking,1653122532,+0.115,+0.921,+0.181
18,Walking,1653122532,+0.07200000000000001,+0.876,+0.146
18,Walking,1653122532,-0.011,+0.905,+0.105
18,Walking,1653122532,-0.094,+0.979,+0.085
18,Walking,1653122532,-0.139,+1.02,+0.043000000000000003
18,Walking,1653122532,-0.058,+1.021,+0.007
18,Walking,1653122532,+0.003,+1.023,-0.042
18,Walking,1653122532,+0.06,+0.996,-0.052000000000000005
18,Walking,1653122532,+0.121,+0.9590000000000001,-0.024
18,Walking,1653122532,+0.201,+0.901,+0.03
18,Walking,1653122532,+0.219,+0.758,+0.055
18,Walking,1653122532,+0.133,+1.016,+0.074
18,Walking,1653122532,+0.148,+0.933,+0.083
18,Walking,1653122532,+0.184,+0.8300000000000001,+0.084
18,Walking,1653122532,+0.193,+0.875,+0.093
18,Walking,1653122532,+0.185,+0.833,+0.097
18,Walking,1653122532,+0.177,+0.839,+0.089
18,Walking,1653122532,+0.152,+0.874,+0.053
18,Walking,1653122532,+0.123,+0.924,+0.025
18,Walking,1653122532,+0.114,+0.961,+0.011
18,Walking,1653122532,+0.136,+0.996,-0.018000000000000002
18,Walking,1653122532,+0.153,+0.997,-0.043000000000000003
18,Walking,1653122532,+0.092,+0.852,-0.046
18,Walking,1653122532,+0.083,+0.862,-0.037
18,Walking,1653122532,+0.07200000000000001,+0.888,-0.017
18,Walking,1653122532,+0.07200000000000001,+0.906,+0.031
18,Walking,1653122532,+0.079,+0.928,+0.079
18,Walking,1653122532,+0.096,+0.9470000000000001,+0.095
18,Walking,1653122532,+0.10200000000000001,+0.9380000000000001,+0.078
18,Walking,1653122532,+0.097,+0.934,+0.065
18,Walking,1653122532,+0.094,+0.9480000000000001,+0.053
18,Walking,1653122532,+0.098,+0.966,+0.052000000000000005
18,Walking,1653122532,+0.132,+0.973,+0.064
18,Walking,1653122532,+0.152,+0.973,+0.08700000000000001
18,Walking,1653122532,+0.182,+0.9450000000000001,+0.078
18,Walking,1653122532,+0.196,+0.92,+0.041
18,Walking,1653122532,+0.218,+0.925,-0.008
18,Walking,1653122532,+0.252,+0.9510000000000001,-0.036000000000000004
18,Walking,1653122532,+0.28500000000000003,+0.971,-0.012
18,Walking,1653122532,+0.306,+0.991,+0.024
18,Walking,1653122532,+0.289,+1.015,+0.025
18,Walking,1653122532,+0.264,+1.055,-0.007
18,Walking,1653122532,+0.244,+1.078,-0.079
18,Walking,1653122532,+0.243,+1.075,-0.149
18,Walking,1653122532,+0.3,+1.07,-0.136
18,Walking,1653122532,+0.296,+1.077,-0.115
18,Walking,1653122532,+0.269,+1.087,-0.161
18,Walking,1653122532,+0.246,+1.094,-0.23
18,Walking,1653122532,+0.247,+1.15,-0.281
18,Walking,1653122532,+0.289,+1.208,-0.278
18,Walking,1653122532,+0.327,+1.283,-0.221
18,Walking,1653122532,+0.299,+1.333,-0.25
18,Walking,1653122532,+0.20400000000000001,+1.357,-0.389
18,Walking,1653122532,+0.08,+1.403,-0.541
18,Walking,1653122532,-0.024,+1.466,-0.526
18,Walking,1653122532,-0.074,+1.5150000000000001,-0.368
18,Walking,1653122532,-0.084,+1.496,-0.188
18,Walking,1653122532,-0.043000000000000003,+1.474,+0.04
18,Walking,1653122532,-0.007,+1.444,+0.212
18,Walking,1653122532,-0.042,+1.391,+0.28600000000000003
18,Walking,1653122532,-0.1,+1.411,+0.334
18,Walking,1653122532,-0.19,+1.3780000000000001,+0.357
18,Walking,1653122532,-0.134,+1.3940000000000001,+0.32
18,Walking,1653122532,-0.113,+1.331,+0.233
18,Walking,1653122532,-0.013000000000000001,+1.312,+0.163
18,Walking,1653122532,+0.052000000000000005,+1.187,+0.091
18,Walking,1653122532,+0.117,+1.092,+0.019
18,Walking,1653122532,+0.126,+1.02,-0.031
18,Walking,1653122532,+0.094,+0.996,-0.012
18,Walking,1653122532,+0.059000000000000004,+0.991,+0.033
18,Walking,1653122532,+0.007,+0.997,+0.073
18,Walking,1653122532,-0.023,+0.979,+0.073
18,Walking,1653122532,-0.063,+0.983,+0.033
18,Walking,1653122532,-0.068,+0.967,-0.041
18,Walking,1653122532,-0.052000000000000005,+0.928,-0.10200000000000001
18,Walking,1653122532,-0.063,+0.932,-0.109
18,Walking,1653122532,+0.002,+1.026,-0.096
18,Walking,1653122532,+0.045,+0.921,-0.07200000000000001
18,Walking,1653122532,+0.061,+0.869,-0.034
18,Walking,1653122532,+0.044,+0.774,+0.001
18,Walking,1653122532,+0.032,+0.726,+0.037
18,Walking,1653122532,-0.005,+0.675,+0.047
18,Walking,1653122532,-0.041,+0.64,+0.057
18,Walking,1653122532,-0.031,+0.672,+0.07100000000000001
18,Walking,1653122532,-0.043000000000000003,+0.653,+0.067
18,Walking,1653122532,-0.075,+0.64,+0.068
18,Walking,1653122532,-0.099,+0.633,+0.067
18,Walking,1653122532,-0.109,+0.611,+0.043000000000000003
18,Walking,1653122532,-0.13,+0.592,+0.01
18,Walking,1653122532,-0.167,+0.579,-0.015
18,Walking,1653122532,-0.22,+0.5710000000000001,-0.037
18,Walking,1653122532,-0.269,+0.5670000000000001,-0.047
18,Walking,1653122532,-0.307,+0.56,-0.06
18,Walking,1653122532,-0.34400000000000003,+0.529,-0.075
18,Walking,1653122532,-0.326,+0.504,-0.106
18,Walking,1653122532,-0.309,+0.47400000000000003,-0.151
18,Walking,1653122532,-0.28600000000000003,+0.453,-0.202
18,Walking,1653122532,-0.257,+0.468,-0.277
18,Walking,1653122532,-0.202,+0.56,-0.376
18,Walking,1653122532,-0.128,+0.6910000000000001,-0.47200000000000003
18,Walking,1653122532,-0.014,+0.852,-0.525
18,Walking,1653122532,+0.113,+0.931,-0.561
18,Walking,1653122532,+0.225,+1.048,-0.6
18,Walking,1653122532,+0.281,+1.01,-0.716
18,Walking,1653122532,+0.367,+1.061,-0.902
18,Walking,1653122532,+0.425,+1.119,-1.119
18,Walking,1653122532,+0.499,+1.114,-1.309
18,Walking,1653122532,+0.507,+1.1280000000000001,-1.392
18,Walking,1653122532,+0.462,+1.156,-1.2650000000000001
18,Walking,1653122532,+0.40800000000000003,+1.324,-0.9390000000000001
18,Walking,1653122532,+0.353,+1.422,-0.581
18,Walking,1653122532,+0.254,+1.331,-0.312
18,Walking,1653122533,+0.164,+1.173,-0.149
18,Walking,1653122533,+0.068,+1.005,-0.138
18,Walking,1653122533,+0.027,+0.874,-0.247
18,Walking,1653122533,+0.026000000000000002,+0.8240000000000001,-0.369
18,Walking,1653122533,+0.02,+0.859,-0.455
18,Walking,1653122533,+0.024,+0.923,-0.506
18,Walking,1653122533,+0.029,+1.013,-0.41200000000000003
18,Walking,1653122533,+0.056,+1.078,-0.156
18,Walking,1653122533,+0.125,+1.167,+0.179
18,Walking,1653122533,+0.14400000000000002,+1.26,+0.406
18,Walking,1653122533,+0.078,+1.316,+0.418
18,Walking,1653122533,-0.129,+1.326,-0.074
18,Walking,1653122533,-0.212,+1.2610000000000001,-0.907
18,Walking,1653122533,-0.20400000000000001,+1.319,-0.909
18,Walking,1653122533,-0.342,+0.992,-0.406
18,Walking,1653122533,-0.527,+0.666,+0.108
18,Walking,1653122533,-0.509,+0.879,+0.588
18,Walking,1653122533,-0.34500000000000003,+0.744,+0.769
18,Walking,1653122533,-0.075,+0.596,+0.785
18,Walking,1653122533,+0.084,+0.5700000000000001,+0.537
18,Walking,1653122533,+0.20600000000000002,+0.736,+0.198
18,Walking,1653122533,+0.304,+0.978,+0.066
18,Walking,1653122533,+0.314,+1.098,+0.135
18,Walking,1653122533,+0.248,+0.9580000000000001,+0.217
18,Walking,1653122533,+0.184,+0.926,+0.203
18,Walking,1653122533,+0.078,+0.9560000000000001,+0.122
18,Walking,1653122533,+0.03,+0.986,+0.07
18,Walking,1653122533,+0.08600000000000001,+0.995,+0.057
18,Walking,1653122533,+0.155,+1.003,+0.019
18,Walking,1653122533,+0.14200000000000002,+1.0,-0.03
18,Walking,1653122533,+0.108,+0.997,-0.046
18,Walking,1653122533,+0.073,+0.9550000000000001,-0.021
18,Walking,1653122533,+0.112,+0.9410000000000001,+0.047
18,Walking,1653122533,+0.07200000000000001,+0.963,+0.078
18,Walking,1653122533,+0.067,+0.975,+0.056
18,Walking,1653122533,+0.064,+0.9390000000000001,+0.069
18,Walking,1653122533,+0.128,+0.878,+0.098
18,Walking,1653122533,+0.124,+0.742,+0.1
18,Walking,1653122533,+0.098,+0.796,+0.11
18,Walking,1653122533,+0.16,+0.901,+0.082
18,Walking,1653122533,+0.191,+0.936,+0.039
18,Walking,1653122533,+0.219,+0.927,+0.048
18,Walking,1653122533,+0.23600000000000002,+0.907,+0.058
18,Walking,1653122533,+0.225,+0.919,+0.053
18,Walking,1653122533,+0.213,+0.995,+0.034
18,Walking,1653122533,+0.183,+0.867,+0.022
18,Walking,1653122533,+0.146,+0.89,+0.0
18,Walking,1653122533,+0.08600000000000001,+0.926,-0.013000000000000001
18,Walking,1653122533,+0.031,+0.937,-0.002
18,Walking,1653122533,+0.026000000000000002,+0.9400000000000001,+0.0
18,Walking,1653122533,+0.051000000000000004,+0.927,+0.001
18,Walking,1653122533,+0.095,+0.922,+0.031
18,Walking,1653122533,+0.14300000000000002,+0.929,+0.053
18,Walking,1653122533,+0.191,+0.9450000000000001,+0.057
18,Walking,1653122533,+0.182,+0.9440000000000001,+0.074
18,Walking,1653122533,+0.165,+0.9500000000000001,+0.099
18,Walking,1653122533,+0.117,+0.973,+0.116
18,Walking,1653122533,+0.078,+0.976,+0.10400000000000001
18,Walking,1653122533,+0.066,+0.981,+0.07200000000000001
18,Walking,1653122533,+0.083,+0.963,+0.025
18,Walking,1653122533,+0.06,+0.933,-0.014
18,Walking,1653122533,+0.093,+0.92,-0.045
18,Walking,1653122533,+0.123,+0.881,-0.009000000000000001
18,Walking,1653122533,+0.18,+0.91,+0.029
18,Walking,1653122533,+0.221,+0.9550000000000001,+0.044
18,Walking,1653122533,+0.23600000000000002,+0.989,+0.024
18,Walking,1653122533,+0.218,+1.019,-0.019
18,Walking,1653122533,+0.185,+1.04,-0.08
18,Walking,1653122533,+0.158,+1.045,-0.14100000000000001
18,Walking,1653122533,+0.159,+1.085,-0.17300000000000001
18,Walking,1653122533,+0.18,+1.082,-0.171
18,Walking,1653122533,+0.201,+1.1219999999999999,-0.195
18,Walking,1653122533,+0.191,+1.08,-0.219
18,Walking,1653122533,+0.211,+1.099,-0.20700000000000002
18,Walking,1653122533,+0.264,+1.108,-0.183
18,Walking,1653122533,+0.28200000000000003,+1.139,-0.23800000000000002
18,Walking,1653122533,+0.292,+1.219,-0.28400000000000003
18,Walking,1653122533,+0.33,+1.286,-0.202
18,Walking,1653122533,+0.342,+1.357,-0.11900000000000001
18,Walking,1653122533,+0.28800000000000003,+1.354,-0.18
18,Walking,1653122533,+0.184,+1.326,-0.374
18,Walking,1653122533,+0.057,+1.351,-0.496
18,Walking,1653122533,-0.016,+1.42,-0.464
18,Walking,1653122533,-0.022,+1.4969999999999999,-0.359
18,Walking,1653122533,+0.003,+1.4969999999999999,-0.265
18,Walking,1653122533,+0.013000000000000001,+1.501,-0.139
18,Walking,1653122533,-0.011,+1.5190000000000001,+0.005
18,Walking,1653122533,-0.057,+1.5030000000000001,+0.17300000000000001
18,Walking,1653122533,-0.111,+1.466,+0.314
18,Walking,1653122533,-0.12,+1.43,+0.368
18,Walking,1653122533,-0.074,+1.393,+0.335
18,Walking,1653122533,+0.01,+1.327,+0.273
18,Walking,1653122533,+0.097,+1.207,+0.23600000000000002
18,Walking,1653122533,+0.152,+1.119,+0.195
18,Walking,1653122533,+0.153,+1.054,+0.109
18,Walking,1653122533,+0.166,+1.043,+0.017
18,Walking,1653122533,+0.149,+1.008,-0.06
18,Walking,1653122533,+0.077,+0.973,-0.094
18,Walking,1653122533,-0.015,+0.965,-0.094
18,Walking,1653122533,-0.10300000000000001,+0.996,-0.074
18,Walking,1653122533,-0.135,+0.962,-0.074
18,Walking,1653122533,-0.096,+0.9400000000000001,-0.08
18,Walking,1653122533,-0.042,+0.877,-0.1
18,Walking,1653122533,+0.01,+0.8300000000000001,-0.101
18,Walking,1653122533,+0.038,+0.757,-0.07100000000000001
18,Walking,1653122533,+0.063,+0.756,+0.009000000000000001
18,Walking,1653122533,+0.045,+0.7010000000000001,+0.061
18,Walking,1653122533,+0.031,+0.625,+0.09
18,Walking,1653122533,+0.012,+0.578,+0.095
18,Walking,1653122533,-0.027,+0.552,+0.07200000000000001
18,Walking,1653122533,-0.03,+0.533,+0.076
18,Walking,1653122533,-0.053,+0.535,+0.067
18,Walking,1653122533,-0.074,+0.5680000000000001,+0.055
18,Walking,1653122533,-0.092,+0.5630000000000001,+0.04
18,Walking,1653122533,-0.139,+0.5740000000000001,+0.012
18,Walking,1653122533,-0.17400000000000002,+0.5670000000000001,-0.009000000000000001
18,Walking,1653122533,-0.196,+0.5750000000000001,-0.043000000000000003
18,Walking,1653122533,-0.241,+0.5710000000000001,-0.07200000000000001
18,Walking,1653122533,-0.281,+0.602,-0.093
18,Walking,1653122533,-0.312,+0.615,-0.101
18,Walking,1653122534,-0.304,+0.61,-0.10400000000000001
18,Walking,1653122534,-0.306,+0.5720000000000001,-0.126
18,Walking,1653122534,-0.256,+0.553,-0.17500000000000002
18,Walking,1653122534,-0.242,+0.508,-0.267
18,Walking,1653122534,-0.197,+0.488,-0.375
18,Walking,1653122534,-0.149,+0.528,-0.45
18,Walking,1653122534,-0.117,+0.66,-0.48
18,Walking,1653122534,+0.004,+0.8200000000000001,-0.546
18,Walking,1653122534,+0.081,+0.9530000000000001,-0.738
18,Walking,1653122534,+0.127,+0.985,-0.862
18,Walking,1653122534,+0.227,+1.062,-0.927
18,Walking,1653122534,+0.317,+1.183,-1.029
18,Walking,1653122534,+0.41100000000000003,+1.315,-1.211
18,Walking,1653122534,+0.501,+1.385,-1.375
18,Walking,1653122534,+0.659,+1.5030000000000001,-1.27
18,Walking,1653122534,+0.517,+1.45,-0.9380000000000001
18,Walking,1653122534,+0.311,+1.383,-0.639
18,Walking,1653122534,+0.145,+1.28,-0.381
18,Walking,1653122534,+0.033,+1.082,-0.198
18,Walking,1653122534,-0.023,+1.013,-0.129
18,Walking,1653122534,-0.108,+0.874,-0.20400000000000001
18,Walking,1653122534,-0.16,+0.854,-0.359
18,Walking,1653122534,-0.124,+0.908,-0.538
18,Walking,1653122534,-0.083,+1.02,-0.673
18,Walking,1653122534,-0.037,+1.1219999999999999,-0.72
18,Walking,1653122534,+0.022,+1.223,-0.506
18,Walking,1653122534,+0.08700000000000001,+1.314,-0.11900000000000001
18,Walking,1653122534,+0.117,+1.289,+0.151
18,Walking,1653122534,+0.032,+1.241,+0.328
18,Walking,1653122534,-0.032,+1.139,+0.14200000000000002
18,Walking,1653122534,-0.05,+1.119,-0.34400000000000003
18,Walking,1653122534,-0.081,+0.961,-0.356
18,Walking,1653122534,-0.23,+0.747,+0.075
18,Walking,1653122534,-0.38,+0.802,+0.439
18,Walking,1653122534,-0.356,+0.716,+0.505
18,Walking,1653122534,-0.192,+0.588,+0.543
18,Walking,1653122534,+0.113,+0.685,+0.531
18,Walking,1653122534,+0.28800000000000003,+0.8220000000000001,+0.293
18,Walking,1653122534,+0.328,+0.993,+0.083
18,Walking,1653122534,+0.225,+1.043,+0.043000000000000003
18,Walking,1653122534,+0.092,+0.971,+0.14
18,Walking,1653122534,+0.019,+0.932,+0.177
18,Walking,1653122534,-0.02,+0.911,+0.12
18,Walking,1653122534,-0.054,+0.9530000000000001,+0.063
18,Walking,1653122534,-0.023,+1.006,+0.058
18,Walking,1653122534,+0.032,+1.016,+0.022
18,Walking,1653122534,+0.116,+1.011,-0.037
18,Walking,1653122534,+0.17,+0.996,-0.074
18,Walking,1653122534,+0.199,+0.976,-0.049
18,Walking,1653122534,+0.20800000000000002,+0.926,-0.02
18,Walking,1653122534,+0.178,+0.921,+0.011
18,Walking,1653122534,+0.17500000000000002,+0.935,+0.031
18,Walking,1653122534,+0.16,+0.936,+0.039
18,Walking,1653122534,+0.161,+0.889,+0.043000000000000003
18,Walking,1653122534,+0.17200000000000001,+0.859,+0.06
18,Walking,1653122534,+0.169,+0.87,+0.07100000000000001
18,Walking,1653122534,+0.157,+0.836,+0.073
18,Walking,1653122534,+0.07,+0.617,+0.06
18,Walking,1653122534,+0.122,+0.865,+0.05
18,Walking,1653122534,+0.136,+0.97,-0.005
18,Walking,1653122534,+0.098,+0.979,-0.047
18,Walking,1653122534,+0.106,+0.991,-0.073
18,Walking,1653122534,+0.181,+1.0,-0.078
18,Walking,1653122534,+0.062,+0.848,-0.037
18,Walking,1653122534,+0.042,+0.865,-0.027
18,Walking,1653122534,+0.013000000000000001,+0.886,-0.029
18,Walking,1653122534,+0.016,+0.916,-0.017
18,Walking,1653122534,+0.042,+0.937,-0.009000000000000001
18,Walking,1653122534,+0.073,+0.9400000000000001,+0.004
18,Walking,1653122534,+0.10400000000000001,+0.933,+0.039
18,Walking,1653122534,+0.158,+0.913,+0.073
18,Walking,1653122534,+0.186,+0.922,+0.107
18,Walking,1653122534,+0.227,+0.9410000000000001,+0.122
18,Walking,1653122534,+0.244,+0.9510000000000001,+0.132
18,Walking,1653122534,+0.248,+0.9410000000000001,+0.146
18,Walking,1653122534,+0.221,+0.9430000000000001,+0.116
